#          k/h    CDM            baryon         photon         nu             mass_nu        total          no_nu          total_de       Weyl           v_CDM          v_b            v_b-v_c     
   0.743273E-04   0.198404E+08   0.198404E+08   0.257527E+08   0.257516E+08   0.198407E+08   0.198404E+08   0.198404E+08   0.198470E+08  -0.472901E+00   0.104651E+08   0.104651E+08   0.417324E-01
   0.103732E-03   0.198392E+08   0.198392E+08   0.251023E+08   0.251003E+08   0.198377E+08   0.198392E+08   0.198392E+08   0.198456E+08  -0.472865E+00   0.104645E+08   0.104645E+08   0.581718E-01
   0.144770E-03   0.198369E+08   0.198369E+08   0.238783E+08   0.238748E+08   0.198317E+08   0.198369E+08   0.198369E+08   0.198429E+08  -0.472795E+00   0.104632E+08   0.104632E+08   0.809962E-01
   0.202043E-03   0.198324E+08   0.198324E+08   0.216501E+08   0.216440E+08   0.198202E+08   0.198323E+08   0.198324E+08   0.198378E+08  -0.472662E+00   0.104608E+08   0.104608E+08   0.112537E+00
   0.281973E-03   0.198237E+08   0.198237E+08   0.178498E+08   0.178408E+08   0.197980E+08   0.198236E+08   0.198237E+08   0.198281E+08  -0.472410E+00   0.104561E+08   0.104561E+08   0.155755E+00
   0.393525E-03   0.198073E+08   0.198073E+08   0.121659E+08   0.121562E+08   0.197553E+08   0.198071E+08   0.198073E+08   0.198102E+08  -0.471946E+00   0.104473E+08   0.104473E+08   0.214130E+00
   0.549209E-03   0.197770E+08   0.197770E+08   0.569310E+07   0.568961E+07   0.196747E+08   0.197766E+08   0.197770E+08   0.197780E+08  -0.471127E+00   0.104310E+08   0.104310E+08   0.291354E+00
   0.766483E-03   0.197229E+08   0.197229E+08   0.167037E+07   0.167482E+07   0.195253E+08   0.197220E+08   0.197229E+08   0.197224E+08  -0.469745E+00   0.104019E+08   0.104018E+08   0.391370E+00
   0.106971E-02   0.196303E+08   0.196301E+08   0.937440E+06   0.933474E+06   0.192573E+08   0.196286E+08   0.196303E+08   0.196288E+08  -0.467482E+00   0.103522E+08   0.103522E+08   0.519875E+00
   0.149290E-02   0.194775E+08   0.194773E+08   0.230780E+06   0.222490E+06   0.187987E+08   0.194744E+08   0.194775E+08   0.194745E+08  -0.463793E+00   0.102708E+08   0.102708E+08   0.685391E+00
   0.208352E-02   0.192336E+08   0.192331E+08  -0.107339E+06  -0.107392E+06   0.180761E+08   0.192283E+08   0.192335E+08   0.192283E+08  -0.457922E+00   0.101411E+08   0.101411E+08   0.898029E+00
   0.290778E-02   0.188579E+08   0.188569E+08  -0.540352E+05  -0.540617E+05   0.170454E+08   0.188496E+08   0.188577E+08   0.188496E+08  -0.448900E+00   0.994164E+07   0.994163E+07   0.117029E+01
   0.405814E-02   0.183030E+08   0.183012E+08  -0.269324E+05  -0.269456E+05   0.156919E+08   0.182910E+08   0.183027E+08   0.182910E+08  -0.435595E+00   0.964750E+07   0.964748E+07   0.151685E+01
   0.419569E-02   0.182357E+08   0.182338E+08  -0.251038E+05  -0.251161E+05   0.155377E+08   0.182233E+08   0.182354E+08   0.182233E+08  -0.433984E+00   0.961187E+07   0.961185E+07   0.155620E+01
   0.433790E-02   0.181661E+08   0.181641E+08  -0.233960E+05  -0.234075E+05   0.153799E+08   0.181533E+08   0.181658E+08   0.181533E+08  -0.432317E+00   0.957501E+07   0.957499E+07   0.159646E+01
   0.448493E-02   0.180942E+08   0.180920E+08  -0.218012E+05  -0.218119E+05   0.152180E+08   0.180809E+08   0.180938E+08   0.180809E+08  -0.430592E+00   0.953688E+07   0.953686E+07   0.163766E+01
   0.463695E-02   0.180197E+08   0.180174E+08  -0.203121E+05  -0.203221E+05   0.150531E+08   0.180061E+08   0.180194E+08   0.180061E+08  -0.428809E+00   0.949747E+07   0.949745E+07   0.167980E+01
   0.479412E-02   0.179428E+08   0.179403E+08  -0.189219E+05  -0.189311E+05   0.148846E+08   0.179287E+08   0.179424E+08   0.179287E+08  -0.426967E+00   0.945674E+07   0.945672E+07   0.172289E+01
   0.495662E-02   0.178634E+08   0.178607E+08  -0.176239E+05  -0.176326E+05   0.147126E+08   0.178488E+08   0.178629E+08   0.178488E+08  -0.425064E+00   0.941467E+07   0.941464E+07   0.176696E+01
   0.512462E-02   0.177813E+08   0.177785E+08  -0.164124E+05  -0.164204E+05   0.145372E+08   0.177663E+08   0.177809E+08   0.177663E+08  -0.423100E+00   0.937123E+07   0.937120E+07   0.181201E+01
   0.529832E-02   0.176966E+08   0.176936E+08  -0.152815E+05  -0.152890E+05   0.143582E+08   0.176812E+08   0.176961E+08   0.176812E+08  -0.421072E+00   0.932640E+07   0.932637E+07   0.185805E+01
   0.547791E-02   0.176092E+08   0.176060E+08  -0.142261E+05  -0.142331E+05   0.141757E+08   0.175933E+08   0.176087E+08   0.175933E+08  -0.418980E+00   0.928014E+07   0.928011E+07   0.190509E+01
   0.566358E-02   0.175191E+08   0.175157E+08  -0.132412E+05  -0.132477E+05   0.139896E+08   0.175027E+08   0.175186E+08   0.175027E+08  -0.416822E+00   0.923243E+07   0.923240E+07   0.195314E+01
   0.585555E-02   0.174262E+08   0.174225E+08  -0.123222E+05  -0.123283E+05   0.137998E+08   0.174093E+08   0.174256E+08   0.174093E+08  -0.414598E+00   0.918325E+07   0.918322E+07   0.200220E+01
   0.605403E-02   0.173308E+08   0.173270E+08  -0.114652E+05  -0.114708E+05   0.135843E+08   0.173134E+08   0.173302E+08   0.173134E+08  -0.412313E+00   0.913276E+07   0.913272E+07   0.205228E+01
   0.625923E-02   0.172321E+08   0.172280E+08  -0.106654E+05  -0.106706E+05   0.133838E+08   0.172142E+08   0.172315E+08   0.172142E+08  -0.409951E+00   0.908052E+07   0.908048E+07   0.210338E+01
   0.647139E-02   0.171305E+08   0.171261E+08  -0.991929E+04  -0.992415E+04   0.131793E+08   0.171121E+08   0.171298E+08   0.171121E+08  -0.407518E+00   0.902673E+07   0.902669E+07   0.215550E+01
   0.669073E-02   0.170258E+08   0.170211E+08  -0.922347E+04  -0.922799E+04   0.129708E+08   0.170069E+08   0.170251E+08   0.170069E+08  -0.405014E+00   0.897135E+07   0.897130E+07   0.220863E+01
   0.691752E-02   0.169181E+08   0.169131E+08  -0.857461E+04  -0.857881E+04   0.127585E+08   0.168986E+08   0.169173E+08   0.168986E+08  -0.402436E+00   0.891434E+07   0.891430E+07   0.226277E+01
   0.715199E-02   0.168072E+08   0.168020E+08  -0.796961E+04  -0.797352E+04   0.125427E+08   0.167873E+08   0.168064E+08   0.167873E+08  -0.399783E+00   0.885570E+07   0.885565E+07   0.231790E+01
   0.739440E-02   0.166932E+08   0.166876E+08  -0.740558E+04  -0.740921E+04   0.123237E+08   0.166727E+08   0.166923E+08   0.166727E+08  -0.397056E+00   0.879538E+07   0.879533E+07   0.237402E+01
   0.764504E-02   0.165760E+08   0.165700E+08  -0.687982E+04  -0.688319E+04   0.121019E+08   0.165550E+08   0.165750E+08   0.165550E+08  -0.394251E+00   0.873336E+07   0.873331E+07   0.243110E+01
   0.790417E-02   0.164552E+08   0.164489E+08  -0.638971E+04  -0.639284E+04   0.118776E+08   0.164337E+08   0.164542E+08   0.164337E+08  -0.391363E+00   0.866949E+07   0.866943E+07   0.248911E+01
   0.817208E-02   0.163314E+08   0.163246E+08  -0.593308E+04  -0.593599E+04   0.116515E+08   0.163093E+08   0.163303E+08   0.163093E+08  -0.388401E+00   0.860398E+07   0.860392E+07   0.254804E+01
   0.844907E-02   0.162042E+08   0.161970E+08  -0.550764E+04  -0.551033E+04   0.114236E+08   0.161816E+08   0.162030E+08   0.161816E+08  -0.385359E+00   0.853671E+07   0.853664E+07   0.260784E+01
   0.873546E-02   0.160735E+08   0.160659E+08  -0.511130E+04  -0.511381E+04   0.111939E+08   0.160505E+08   0.160723E+08   0.160505E+08  -0.382236E+00   0.846763E+07   0.846756E+07   0.266847E+01
   0.903155E-02   0.159394E+08   0.159314E+08  -0.474216E+04  -0.474448E+04   0.109625E+08   0.159159E+08   0.159382E+08   0.159159E+08  -0.379031E+00   0.839673E+07   0.839665E+07   0.272987E+01
   0.933767E-02   0.158018E+08   0.157933E+08  -0.439840E+04  -0.440055E+04   0.107291E+08   0.157777E+08   0.158005E+08   0.157777E+08  -0.375742E+00   0.832398E+07   0.832390E+07   0.279200E+01
   0.965417E-02   0.156608E+08   0.156517E+08  -0.407836E+04  -0.408035E+04   0.104936E+08   0.156362E+08   0.156593E+08   0.156362E+08  -0.372370E+00   0.824940E+07   0.824932E+07   0.285479E+01
   0.998140E-02   0.155160E+08   0.155064E+08  -0.378040E+04  -0.378225E+04   0.102561E+08   0.154909E+08   0.155145E+08   0.154909E+08  -0.368911E+00   0.817289E+07   0.817280E+07   0.291815E+01
   0.103197E-01   0.153676E+08   0.153574E+08  -0.350309E+04  -0.350480E+04   0.100167E+08   0.153420E+08   0.153660E+08   0.153420E+08  -0.365365E+00   0.809444E+07   0.809435E+07   0.298200E+01
   0.106695E-01   0.152155E+08   0.152047E+08  -0.324503E+04  -0.324662E+04   0.977562E+07   0.151894E+08   0.152138E+08   0.151894E+08  -0.361731E+00   0.801405E+07   0.801396E+07   0.304624E+01
   0.110312E-01   0.150597E+08   0.150482E+08  -0.300494E+04  -0.300641E+04   0.953314E+07   0.150331E+08   0.150579E+08   0.150331E+08  -0.358008E+00   0.793169E+07   0.793158E+07   0.311075E+01
   0.114051E-01   0.149000E+08   0.148878E+08  -0.278160E+04  -0.278296E+04   0.928959E+07   0.148729E+08   0.148981E+08   0.148729E+08  -0.354193E+00   0.784730E+07   0.784720E+07   0.317543E+01
   0.117916E-01   0.147365E+08   0.147236E+08  -0.257391E+04  -0.257517E+04   0.904530E+07   0.147090E+08   0.147345E+08   0.147090E+08  -0.350289E+00   0.776092E+07   0.776080E+07   0.324011E+01
   0.121913E-01   0.145691E+08   0.145555E+08  -0.238080E+04  -0.238196E+04   0.880008E+07   0.145411E+08   0.145670E+08   0.145411E+08  -0.346292E+00   0.767248E+07   0.767236E+07   0.330465E+01
   0.126045E-01   0.143978E+08   0.143834E+08  -0.220129E+04  -0.220237E+04   0.855527E+07   0.143694E+08   0.143956E+08   0.143694E+08  -0.342202E+00   0.758199E+07   0.758186E+07   0.336888E+01
   0.130318E-01   0.142226E+08   0.142074E+08  -0.203447E+04  -0.203546E+04   0.831064E+07   0.141937E+08   0.142202E+08   0.141937E+08  -0.338018E+00   0.748942E+07   0.748929E+07   0.343260E+01
   0.134735E-01   0.140434E+08   0.140273E+08  -0.187947E+04  -0.188039E+04   0.806634E+07   0.140141E+08   0.140409E+08   0.140141E+08  -0.333740E+00   0.739475E+07   0.739461E+07   0.349560E+01
   0.139302E-01   0.138602E+08   0.138432E+08  -0.173550E+04  -0.173635E+04   0.782240E+07   0.138304E+08   0.138575E+08   0.138304E+08  -0.329367E+00   0.729797E+07   0.729782E+07   0.355766E+01
   0.144023E-01   0.136729E+08   0.136550E+08  -0.160181E+04  -0.160259E+04   0.757883E+07   0.136428E+08   0.136701E+08   0.136428E+08  -0.324897E+00   0.719907E+07   0.719891E+07   0.361851E+01
   0.148905E-01   0.134816E+08   0.134627E+08  -0.147769E+04  -0.147842E+04   0.733569E+07   0.134511E+08   0.134786E+08   0.134511E+08  -0.320332E+00   0.709804E+07   0.709787E+07   0.367789E+01
   0.153952E-01   0.132862E+08   0.132663E+08  -0.136251E+04  -0.136318E+04   0.709332E+07   0.132553E+08   0.132831E+08   0.132553E+08  -0.315671E+00   0.699487E+07   0.699470E+07   0.373550E+01
   0.159170E-01   0.130868E+08   0.130658E+08  -0.125564E+04  -0.125626E+04   0.685222E+07   0.130555E+08   0.130835E+08   0.130555E+08  -0.310913E+00   0.688957E+07   0.688939E+07   0.379101E+01
   0.164565E-01   0.128833E+08   0.128612E+08  -0.115653E+04  -0.115709E+04   0.661286E+07   0.128517E+08   0.128798E+08   0.128517E+08  -0.306059E+00   0.678214E+07   0.678195E+07   0.384407E+01
   0.170143E-01   0.126758E+08   0.126526E+08  -0.106463E+04  -0.106515E+04   0.637552E+07   0.126439E+08   0.126722E+08   0.126439E+08  -0.301110E+00   0.667260E+07   0.667240E+07   0.389432E+01
   0.175910E-01   0.124643E+08   0.124400E+08  -0.979463E+03  -0.979941E+03   0.614032E+07   0.124322E+08   0.124605E+08   0.124322E+08  -0.296067E+00   0.656096E+07   0.656075E+07   0.394134E+01
   0.181873E-01   0.122489E+08   0.122233E+08  -0.900560E+03  -0.900999E+03   0.590737E+07   0.122165E+08   0.122449E+08   0.122165E+08  -0.290931E+00   0.644725E+07   0.644704E+07   0.398472E+01
   0.188038E-01   0.120296E+08   0.120028E+08  -0.827491E+03  -0.827894E+03   0.567688E+07   0.119969E+08   0.120254E+08   0.119969E+08  -0.285702E+00   0.633151E+07   0.633129E+07   0.402399E+01
   0.194411E-01   0.118065E+08   0.117785E+08  -0.759855E+03  -0.760225E+03   0.544911E+07   0.117736E+08   0.118021E+08   0.117736E+08  -0.280385E+00   0.621379E+07   0.621356E+07   0.405868E+01
   0.201001E-01   0.115798E+08   0.115505E+08  -0.697277E+03  -0.697617E+03   0.522442E+07   0.115467E+08   0.115752E+08   0.115467E+08  -0.274981E+00   0.609414E+07   0.609390E+07   0.408829E+01
   0.207814E-01   0.113495E+08   0.113190E+08  -0.639408E+03  -0.639720E+03   0.500317E+07   0.113163E+08   0.113447E+08   0.113163E+08  -0.269493E+00   0.597264E+07   0.597239E+07   0.411228E+01
   0.214858E-01   0.111159E+08   0.110840E+08  -0.585923E+03  -0.586208E+03   0.478566E+07   0.110825E+08   0.111109E+08   0.110825E+08  -0.263926E+00   0.584937E+07   0.584911E+07   0.413013E+01
   0.222140E-01   0.108791E+08   0.108459E+08  -0.536517E+03  -0.536779E+03   0.457199E+07   0.108456E+08   0.108739E+08   0.108456E+08  -0.258284E+00   0.572444E+07   0.572417E+07   0.414125E+01
   0.229670E-01   0.106393E+08   0.106048E+08  -0.490909E+03  -0.491148E+03   0.436232E+07   0.106058E+08   0.106339E+08   0.106058E+08  -0.252572E+00   0.559796E+07   0.559768E+07   0.414509E+01
   0.237454E-01   0.103968E+08   0.103611E+08  -0.448832E+03  -0.449051E+03   0.415699E+07   0.103633E+08   0.103912E+08   0.103633E+08  -0.246798E+00   0.547008E+07   0.546978E+07   0.414106E+01
   0.245503E-01   0.101520E+08   0.101150E+08  -0.410042E+03  -0.410242E+03   0.395639E+07   0.101184E+08   0.101462E+08   0.101184E+08  -0.240967E+00   0.534094E+07   0.534064E+07   0.412857E+01
   0.253824E-01   0.990509E+07   0.986688E+07  -0.374309E+03  -0.374491E+03   0.376070E+07   0.987157E+07   0.989911E+07   0.987157E+07  -0.235088E+00   0.521074E+07   0.521043E+07   0.410707E+01
   0.262428E-01   0.965653E+07   0.961715E+07  -0.341419E+03  -0.341585E+03   0.357007E+07   0.962309E+07   0.965036E+07   0.962309E+07  -0.229170E+00   0.507968E+07   0.507936E+07   0.407598E+01
   0.271323E-01   0.940675E+07   0.936625E+07  -0.311171E+03  -0.311322E+03   0.338468E+07   0.937342E+07   0.940040E+07   0.937342E+07  -0.223224E+00   0.494798E+07   0.494765E+07   0.403478E+01
   0.280519E-01   0.915621E+07   0.911467E+07  -0.283380E+03  -0.283518E+03   0.320480E+07   0.912304E+07   0.914970E+07   0.912304E+07  -0.217262E+00   0.481591E+07   0.481557E+07   0.398298E+01
   0.290027E-01   0.890546E+07   0.886297E+07  -0.257871E+03  -0.257996E+03   0.303068E+07   0.887249E+07   0.889881E+07   0.887249E+07  -0.211295E+00   0.468373E+07   0.468339E+07   0.392014E+01
   0.299858E-01   0.865508E+07   0.861173E+07  -0.234482E+03  -0.234596E+03   0.286246E+07   0.862234E+07   0.864829E+07   0.862234E+07  -0.205338E+00   0.455177E+07   0.455142E+07   0.384589E+01
   0.310022E-01   0.840568E+07   0.836161E+07  -0.213061E+03  -0.213164E+03   0.270022E+07   0.837322E+07   0.839878E+07   0.837322E+07  -0.199405E+00   0.442034E+07   0.441999E+07   0.375995E+01
   0.320530E-01   0.815795E+07   0.811329E+07  -0.193465E+03  -0.193560E+03   0.254419E+07   0.812581E+07   0.815096E+07   0.812581E+07  -0.193513E+00   0.428981E+07   0.428946E+07   0.366212E+01
   0.331394E-01   0.791260E+07   0.786750E+07  -0.175563E+03  -0.175649E+03   0.239454E+07   0.788082E+07   0.790554E+07   0.788082E+07  -0.187679E+00   0.416056E+07   0.416020E+07   0.355235E+01
   0.342627E-01   0.767038E+07   0.762502E+07  -0.159229E+03  -0.159307E+03   0.225130E+07   0.763900E+07   0.766327E+07   0.763900E+07  -0.181920E+00   0.403296E+07   0.403261E+07   0.343071E+01
   0.354240E-01   0.743205E+07   0.738661E+07  -0.144347E+03  -0.144417E+03   0.211456E+07   0.740111E+07   0.742493E+07   0.740111E+07  -0.176255E+00   0.390745E+07   0.390710E+07   0.329744E+01
   0.366247E-01   0.719840E+07   0.715310E+07  -0.130806E+03  -0.130870E+03   0.198442E+07   0.716795E+07   0.719130E+07   0.716795E+07  -0.170702E+00   0.378442E+07   0.378407E+07   0.315296E+01
   0.378661E-01   0.696951E+07   0.692455E+07  -0.118492E+03  -0.118549E+03   0.186068E+07   0.693958E+07   0.696247E+07   0.693958E+07  -0.165264E+00   0.366391E+07   0.366357E+07   0.299796E+01
   0.391496E-01   0.674574E+07   0.670136E+07  -0.107303E+03  -0.107355E+03   0.174321E+07   0.671638E+07   0.673879E+07   0.671638E+07  -0.159948E+00   0.354613E+07   0.354580E+07   0.283334E+01
   0.404766E-01   0.652883E+07   0.648526E+07  -0.971656E+02  -0.972129E+02   0.163230E+07   0.650007E+07   0.652200E+07   0.650007E+07  -0.154797E+00   0.343198E+07   0.343166E+07   0.266003E+01
   0.418485E-01   0.631963E+07   0.627711E+07  -0.879967E+02  -0.880395E+02   0.152787E+07   0.629150E+07   0.631297E+07   0.629150E+07  -0.149830E+00   0.332192E+07   0.332161E+07   0.247935E+01
   0.432670E-01   0.611883E+07   0.607760E+07  -0.797156E+02  -0.797543E+02   0.142982E+07   0.609137E+07   0.611237E+07   0.609137E+07  -0.145064E+00   0.321630E+07   0.321600E+07   0.229283E+01
   0.447335E-01   0.592693E+07   0.588722E+07  -0.722447E+02  -0.722798E+02   0.133801E+07   0.590016E+07   0.592071E+07   0.590016E+07  -0.140510E+00   0.311539E+07   0.311510E+07   0.210228E+01
   0.462498E-01   0.574417E+07   0.570620E+07  -0.655100E+02  -0.655418E+02   0.125215E+07   0.571810E+07   0.573822E+07   0.571810E+07  -0.136174E+00   0.301930E+07   0.301904E+07   0.190973E+01
   0.478174E-01   0.557051E+07   0.553448E+07  -0.594403E+02  -0.594692E+02   0.117198E+07   0.554516E+07   0.556486E+07   0.554516E+07  -0.132056E+00   0.292804E+07   0.292779E+07   0.171745E+01
   0.494382E-01   0.540566E+07   0.537175E+07  -0.539689E+02  -0.539951E+02   0.109715E+07   0.538105E+07   0.540035E+07   0.538105E+07  -0.128148E+00   0.284142E+07   0.284119E+07   0.152787E+01
   0.511139E-01   0.524910E+07   0.521744E+07  -0.490331E+02  -0.490569E+02   0.102727E+07   0.522522E+07   0.524414E+07   0.522522E+07  -0.124437E+00   0.275918E+07   0.275897E+07   0.134354E+01
   0.528464E-01   0.510010E+07   0.507080E+07  -0.445754E+02  -0.445971E+02   0.961976E+06   0.507697E+07   0.509551E+07   0.507697E+07  -0.120906E+00   0.268093E+07   0.268075E+07   0.116708E+01
   0.546377E-01   0.495786E+07   0.493096E+07  -0.405438E+02  -0.405634E+02   0.900857E+06   0.493547E+07   0.495365E+07   0.493547E+07  -0.117536E+00   0.260625E+07   0.260608E+07   0.100111E+01
   0.564896E-01   0.482148E+07   0.479698E+07  -0.368913E+02  -0.369092E+02   0.843570E+06   0.479982E+07   0.481764E+07   0.479982E+07  -0.114306E+00   0.253465E+07   0.253450E+07   0.848117E+00
   0.584043E-01   0.469003E+07   0.466787E+07  -0.335763E+02  -0.335926E+02   0.789752E+06   0.466908E+07   0.468656E+07   0.466908E+07  -0.111192E+00   0.246564E+07   0.246552E+07   0.710362E+00
   0.611572E-01   0.451882E+07   0.449966E+07  -0.295099E+02  -0.295242E+02   0.721178E+06   0.449880E+07   0.451582E+07   0.449880E+07  -0.107137E+00   0.237576E+07   0.237566E+07   0.548316E+00
   0.639101E-01   0.435645E+07   0.433977E+07  -0.260563E+02  -0.260690E+02   0.659963E+06   0.433727E+07   0.435383E+07   0.433727E+07  -0.103290E+00   0.229050E+07   0.229042E+07   0.427791E+00
   0.666629E-01   0.420187E+07   0.418711E+07  -0.231028E+02  -0.231140E+02   0.605099E+06   0.418343E+07   0.419956E+07   0.418343E+07  -0.996269E-01   0.220930E+07   0.220923E+07   0.345110E+00
   0.694158E-01   0.405106E+07   0.403763E+07  -0.205450E+02  -0.205549E+02   0.555320E+06   0.403328E+07   0.404896E+07   0.403328E+07  -0.960511E-01   0.213003E+07   0.212997E+07   0.295485E+00
   0.721687E-01   0.390142E+07   0.388877E+07  -0.183076E+02  -0.183164E+02   0.509738E+06   0.388424E+07   0.389944E+07   0.388424E+07  -0.925016E-01   0.205135E+07   0.205129E+07   0.273221E+00
   0.749215E-01   0.375168E+07   0.373928E+07  -0.163365E+02  -0.163444E+02   0.467766E+06   0.373501E+07   0.374974E+07   0.373501E+07  -0.889479E-01   0.197257E+07   0.197251E+07   0.272140E+00
   0.776744E-01   0.360186E+07   0.358930E+07  -0.145931E+02  -0.146002E+02   0.429052E+06   0.358567E+07   0.359989E+07   0.358567E+07  -0.853914E-01   0.189372E+07   0.189365E+07   0.285971E+00
   0.804273E-01   0.345302E+07   0.343999E+07  -0.130494E+02  -0.130558E+02   0.393405E+06   0.343727E+07   0.345098E+07   0.343727E+07  -0.818572E-01   0.181536E+07   0.181529E+07   0.308743E+00
   0.831801E-01   0.330681E+07   0.329311E+07  -0.116838E+02  -0.116895E+02   0.360716E+06   0.329146E+07   0.330466E+07   0.329146E+07  -0.783848E-01   0.173838E+07   0.173829E+07   0.335077E+00
   0.859330E-01   0.316502E+07   0.315055E+07  -0.104781E+02  -0.104831E+02   0.330888E+06   0.315005E+07   0.316275E+07   0.315005E+07  -0.750172E-01   0.166371E+07   0.166362E+07   0.360420E+00
   0.886858E-01   0.302928E+07   0.301408E+07  -0.941589E+01  -0.942046E+01   0.303815E+06   0.301468E+07   0.302690E+07   0.301468E+07  -0.717935E-01   0.159224E+07   0.159213E+07   0.381200E+00
   0.914387E-01   0.290094E+07   0.288513E+07  -0.848232E+01  -0.848643E+01   0.279370E+06   0.288672E+07   0.289847E+07   0.288672E+07  -0.687461E-01   0.152466E+07   0.152456E+07   0.394882E+00
   0.941916E-01   0.278107E+07   0.276482E+07  -0.766353E+01  -0.766724E+01   0.257396E+06   0.276721E+07   0.277852E+07   0.276721E+07  -0.659001E-01   0.146156E+07   0.146145E+07   0.399968E+00
   0.969444E-01   0.267045E+07   0.265401E+07  -0.694686E+01  -0.695023E+01   0.237736E+06   0.265698E+07   0.266788E+07   0.265698E+07  -0.632748E-01   0.140335E+07   0.140323E+07   0.395919E+00
   0.996973E-01   0.256964E+07   0.255328E+07  -0.632074E+01  -0.632381E+01   0.220223E+06   0.255655E+07   0.256708E+07   0.255655E+07  -0.608833E-01   0.135032E+07   0.135020E+07   0.383035E+00
   0.102450E+00   0.247887E+07   0.246286E+07  -0.577444E+01  -0.577724E+01   0.204675E+06   0.246618E+07   0.247637E+07   0.246618E+07  -0.587310E-01   0.130259E+07   0.130248E+07   0.362302E+00
   0.105203E+00   0.239800E+07   0.238258E+07  -0.529782E+01  -0.530039E+01   0.190902E+06   0.238570E+07   0.239559E+07   0.238570E+07  -0.568145E-01   0.126009E+07   0.125999E+07   0.335220E+00
   0.107956E+00   0.232646E+07   0.231184E+07  -0.488130E+01  -0.488366E+01   0.178697E+06   0.231454E+07   0.232417E+07   0.231454E+07  -0.551199E-01   0.122252E+07   0.122242E+07   0.303617E+00
   0.110709E+00   0.226326E+07   0.224961E+07  -0.451584E+01  -0.451803E+01   0.167853E+06   0.225174E+07   0.226113E+07   0.225174E+07  -0.536242E-01   0.118935E+07   0.118926E+07   0.269470E+00
   0.113462E+00   0.220716E+07   0.219457E+07  -0.419315E+01  -0.419518E+01   0.158155E+06   0.219600E+07   0.220519E+07   0.219600E+07  -0.522970E-01   0.115992E+07   0.115984E+07   0.234739E+00
   0.116214E+00   0.215669E+07   0.214519E+07  -0.390581E+01  -0.390770E+01   0.149407E+06   0.214589E+07   0.215489E+07   0.214589E+07  -0.511035E-01   0.113345E+07   0.113338E+07   0.201226E+00
   0.118967E+00   0.211032E+07   0.209991E+07  -0.364735E+01  -0.364912E+01   0.141427E+06   0.209987E+07   0.210869E+07   0.209987E+07  -0.500075E-01   0.110915E+07   0.110909E+07   0.170462E+00
   0.121720E+00   0.206659E+07   0.205718E+07  -0.341233E+01  -0.341398E+01   0.134057E+06   0.205645E+07   0.206511E+07   0.205645E+07  -0.489736E-01   0.108622E+07   0.108617E+07   0.143639E+00
   0.124473E+00   0.202411E+07   0.201557E+07  -0.319625E+01  -0.319780E+01   0.127163E+06   0.201427E+07   0.202277E+07   0.201427E+07  -0.479690E-01   0.106394E+07   0.106390E+07   0.121558E+00
   0.127226E+00   0.198171E+07   0.197389E+07  -0.299555E+01  -0.299700E+01   0.120640E+06   0.197214E+07   0.198048E+07   0.197214E+07  -0.469657E-01   0.104170E+07   0.104166E+07   0.104628E+00
   0.129979E+00   0.193848E+07   0.193120E+07  -0.280757E+01  -0.280893E+01   0.114409E+06   0.192916E+07   0.193734E+07   0.192916E+07  -0.459422E-01   0.101900E+07   0.101896E+07   0.928804E-01
   0.132732E+00   0.189385E+07   0.188694E+07  -0.263046E+01  -0.263174E+01   0.108419E+06   0.188477E+07   0.189277E+07   0.188477E+07  -0.448850E-01   0.995554E+06   0.995519E+06   0.860098E-01
   0.135485E+00   0.184764E+07   0.184091E+07  -0.246313E+01  -0.246432E+01   0.102646E+06   0.183876E+07   0.184659E+07   0.183876E+07  -0.437895E-01   0.971258E+06   0.971224E+06   0.834351E-01
   0.138237E+00   0.179998E+07   0.179328E+07  -0.230502E+01  -0.230613E+01   0.970862E+05   0.179130E+07   0.179893E+07   0.179130E+07  -0.426591E-01   0.946190E+06   0.946155E+06   0.843712E-01
   0.140990E+00   0.175129E+07   0.174448E+07  -0.215596E+01  -0.215700E+01   0.917501E+05   0.174278E+07   0.175022E+07   0.174278E+07  -0.415037E-01   0.920568E+06   0.920531E+06   0.879079E-01
   0.143743E+00   0.170214E+07   0.169513E+07  -0.201595E+01  -0.201693E+01   0.866544E+05   0.169380E+07   0.170104E+07   0.169380E+07  -0.403371E-01   0.894696E+06   0.894656E+06   0.930883E-01
   0.146496E+00   0.165315E+07   0.164589E+07  -0.188502E+01  -0.188593E+01   0.818158E+05   0.164497E+07   0.165201E+07   0.164497E+07  -0.391743E-01   0.868908E+06   0.868864E+06   0.989809E-01
   0.149249E+00   0.160495E+07   0.159740E+07  -0.176314E+01  -0.176400E+01   0.772492E+05   0.159692E+07   0.160377E+07   0.159692E+07  -0.380300E-01   0.843530E+06   0.843484E+06   0.104740E+00
   0.152002E+00   0.155811E+07   0.155030E+07  -0.165023E+01  -0.165103E+01   0.729653E+05   0.155023E+07   0.155689E+07   0.155023E+07  -0.369182E-01   0.818873E+06   0.818823E+06   0.109653E+00
   0.154755E+00   0.151319E+07   0.150515E+07  -0.154611E+01  -0.154686E+01   0.689705E+05   0.150546E+07   0.151193E+07   0.150546E+07  -0.358518E-01   0.795223E+06   0.795170E+06   0.113171E+00
   0.157507E+00   0.147067E+07   0.146248E+07  -0.145058E+01  -0.145128E+01   0.652689E+05   0.146309E+07   0.146939E+07   0.146309E+07  -0.348429E-01   0.772846E+06   0.772792E+06   0.114925E+00
   0.160260E+00   0.143100E+07   0.142275E+07  -0.136337E+01  -0.136403E+01   0.618610E+05   0.142357E+07   0.142971E+07   0.142357E+07  -0.339018E-01   0.751974E+06   0.751919E+06   0.114727E+00
   0.163013E+00   0.139450E+07   0.138628E+07  -0.128411E+01  -0.128473E+01   0.587411E+05   0.138722E+07   0.139321E+07   0.138722E+07  -0.330362E-01   0.732778E+06   0.732722E+06   0.112563E+00
   0.165766E+00   0.136133E+07   0.135323E+07  -0.121228E+01  -0.121287E+01   0.558968E+05   0.135421E+07   0.136006E+07   0.135421E+07  -0.322500E-01   0.715339E+06   0.715285E+06   0.108574E+00
   0.168519E+00   0.133144E+07   0.132356E+07  -0.114727E+01  -0.114783E+01   0.533089E+05   0.132447E+07   0.133020E+07   0.132447E+07  -0.315418E-01   0.699634E+06   0.699582E+06   0.103022E+00
   0.171272E+00   0.130458E+07   0.129700E+07  -0.108832E+01  -0.108884E+01   0.509509E+05   0.129777E+07   0.130339E+07   0.129777E+07  -0.309060E-01   0.685532E+06   0.685482E+06   0.962629E-01
   0.174025E+00   0.128034E+07   0.127311E+07  -0.103461E+01  -0.103511E+01   0.487923E+05   0.127369E+07   0.127920E+07   0.127369E+07  -0.303323E-01   0.672808E+06   0.672762E+06   0.887087E-01
   0.176778E+00   0.125821E+07   0.125137E+07  -0.985355E+00  -0.985832E+00   0.468020E+05   0.125171E+07   0.125714E+07   0.125171E+07  -0.298091E-01   0.661203E+06   0.661160E+06   0.807889E-01
   0.179530E+00   0.123769E+07   0.123126E+07  -0.939826E+00  -0.940281E+00   0.449509E+05   0.123133E+07   0.123668E+07   0.123133E+07  -0.293237E-01   0.650438E+06   0.650399E+06   0.729190E-01
   0.182283E+00   0.121826E+07   0.121223E+07  -0.897385E+00  -0.897820E+00   0.432129E+05   0.121205E+07   0.121731E+07   0.121205E+07  -0.288644E-01   0.640251E+06   0.640215E+06   0.654722E-01
   0.185036E+00   0.119948E+07   0.119384E+07  -0.857500E+00  -0.857916E+00   0.415661E+05   0.119341E+07   0.119860E+07   0.119341E+07  -0.284205E-01   0.630405E+06   0.630373E+06   0.587574E-01
   0.187789E+00   0.118097E+07   0.117567E+07  -0.819732E+00  -0.820129E+00   0.399922E+05   0.117503E+07   0.118014E+07   0.117503E+07  -0.279828E-01   0.620697E+06   0.620667E+06   0.530054E-01
   0.190542E+00   0.116240E+07   0.115739E+07  -0.783725E+00  -0.784105E+00   0.384769E+05   0.115658E+07   0.116161E+07   0.115658E+07  -0.275434E-01   0.610952E+06   0.610924E+06   0.483614E-01
   0.193295E+00   0.114349E+07   0.113871E+07  -0.749198E+00  -0.749561E+00   0.370082E+05   0.113778E+07   0.114274E+07   0.113778E+07  -0.270959E-01   0.601026E+06   0.601000E+06   0.448847E-01
   0.196048E+00   0.112406E+07   0.111945E+07  -0.715945E+00  -0.716292E+00   0.355781E+05   0.111846E+07   0.112334E+07   0.111846E+07  -0.266356E-01   0.590818E+06   0.590793E+06   0.425535E-01
   0.198800E+00   0.110400E+07   0.109948E+07  -0.683837E+00  -0.684168E+00   0.341820E+05   0.109849E+07   0.110329E+07   0.109849E+07  -0.261602E-01   0.580273E+06   0.580248E+06   0.412753E-01
   0.201553E+00   0.108330E+07   0.107883E+07  -0.652820E+00  -0.653136E+00   0.328186E+05   0.107789E+07   0.108260E+07   0.107789E+07  -0.256696E-01   0.569392E+06   0.569367E+06   0.409004E-01
   0.204306E+00   0.106208E+07   0.105761E+07  -0.622903E+00  -0.623205E+00   0.314899E+05   0.105676E+07   0.106138E+07   0.105676E+07  -0.251664E-01   0.558232E+06   0.558206E+06   0.412385E-01
   0.207059E+00   0.104053E+07   0.103601E+07  -0.594138E+00  -0.594426E+00   0.302001E+05   0.103529E+07   0.103982E+07   0.103529E+07  -0.246551E-01   0.546890E+06   0.546864E+06   0.420759E-01
   0.209812E+00   0.101887E+07   0.101428E+07  -0.566601E+00  -0.566875E+00   0.289543E+05   0.101372E+07   0.101815E+07   0.101372E+07  -0.241412E-01   0.535493E+06   0.535466E+06   0.431929E-01
   0.212565E+00   0.997366E+06   0.992699E+06  -0.540362E+00  -0.540624E+00   0.277579E+05   0.992289E+06   0.996635E+06   0.992289E+06  -0.236310E-01   0.524176E+06   0.524148E+06   0.443796E-01
   0.215318E+00   0.976269E+06   0.971522E+06  -0.515487E+00  -0.515737E+00   0.266155E+05   0.971270E+06   0.975526E+06   0.971270E+06  -0.231304E-01   0.513073E+06   0.513044E+06   0.454485E-01
   0.218070E+00   0.955809E+06   0.950993E+06  -0.492016E+00  -0.492254E+00   0.255308E+05   0.950886E+06   0.955055E+06   0.950886E+06  -0.226450E-01   0.502306E+06   0.502276E+06   0.462454E-01
   0.226792E+00   0.897183E+06   0.892318E+06  -0.426990E+00  -0.427197E+00   0.224944E+05   0.892501E+06   0.896421E+06   0.892501E+06  -0.212546E-01   0.471467E+06   0.471436E+06   0.459295E-01
   0.235863E+00   0.848337E+06   0.843763E+06  -0.373299E+00  -0.373480E+00   0.199575E+05   0.843908E+06   0.847620E+06   0.843908E+06  -0.200973E-01   0.445799E+06   0.445770E+06   0.408596E-01
   0.245296E+00   0.808298E+06   0.804258E+06  -0.328876E+00  -0.329035E+00   0.178359E+05   0.804122E+06   0.807665E+06   0.804122E+06  -0.191499E-01   0.424783E+06   0.424759E+06   0.331844E-01
   0.255106E+00   0.771296E+06   0.767769E+06  -0.290172E+00  -0.290312E+00   0.159571E+05   0.767358E+06   0.770744E+06   0.767358E+06  -0.182743E-01   0.405363E+06   0.405343E+06   0.266376E-01
   0.265309E+00   0.731962E+06   0.728704E+06  -0.254612E+00  -0.254735E+00   0.141916E+05   0.728234E+06   0.731452E+06   0.728234E+06  -0.173426E-01   0.384697E+06   0.384678E+06   0.235946E-01
   0.275920E+00   0.689156E+06   0.685921E+06  -0.221637E+00  -0.221744E+00   0.125161E+05   0.685616E+06   0.688649E+06   0.685616E+06  -0.163277E-01   0.362185E+06   0.362165E+06   0.234329E-01
   0.286956E+00   0.646600E+06   0.643340E+06  -0.192259E+00  -0.192352E+00   0.109955E+05   0.643241E+06   0.646090E+06   0.643241E+06  -0.153185E-01   0.339801E+06   0.339781E+06   0.234948E-01
   0.298432E+00   0.609021E+06   0.605887E+06  -0.167427E+00  -0.167508E+00   0.969368E+04   0.605844E+06   0.608530E+06   0.605844E+06  -0.144279E-01   0.320047E+06   0.320027E+06   0.217377E-01
   0.310368E+00   0.577198E+06   0.574349E+06  -0.146715E+00  -0.146786E+00   0.859625E+04   0.574203E+06   0.576751E+06   0.574203E+06  -0.136744E-01   0.303332E+06   0.303315E+06   0.184958E-01
   0.322781E+00   0.547820E+06   0.545251E+06  -0.128750E+00  -0.128813E+00   0.763113E+04   0.544996E+06   0.547418E+06   0.544996E+06  -0.129789E-01   0.287904E+06   0.287889E+06   0.156533E-01
   0.335691E+00   0.517438E+06   0.515010E+06  -0.112438E+00  -0.112493E+00   0.673899E+04   0.514769E+06   0.517058E+06   0.514769E+06  -0.122590E-01   0.271936E+06   0.271922E+06   0.143328E-01
   0.349117E+00   0.486384E+06   0.484006E+06  -0.977167E-01  -0.977640E-01   0.592010E+04   0.483858E+06   0.486011E+06   0.483858E+06  -0.115229E-01   0.255608E+06   0.255593E+06   0.138149E-01
   0.363080E+00   0.457717E+06   0.455434E+06  -0.850209E-01  -0.850620E-01   0.520485E+04   0.455332E+06   0.457360E+06   0.455332E+06  -0.108435E-01   0.240538E+06   0.240525E+06   0.128191E-01
   0.377601E+00   0.432458E+06   0.430349E+06  -0.742715E-01  -0.743074E-01   0.459279E+04   0.430210E+06   0.432127E+06   0.430210E+06  -0.102453E-01   0.227268E+06   0.227255E+06   0.112177E-01
   0.392703E+00   0.408764E+06   0.406817E+06  -0.649085E-01  -0.649399E-01   0.405300E+04   0.406645E+06   0.408459E+06   0.406645E+06  -0.968410E-02   0.214820E+06   0.214808E+06   0.986279E-02
   0.408409E+00   0.385014E+06   0.383159E+06  -0.565257E-01  -0.565530E-01   0.356279E+04   0.383014E+06   0.384723E+06   0.383014E+06  -0.912132E-02   0.202336E+06   0.202325E+06   0.911184E-02
   0.424743E+00   0.362118E+06   0.360342E+06  -0.491539E-01  -0.491776E-01   0.312627E+04   0.360231E+06   0.361840E+06   0.360231E+06  -0.857876E-02   0.190301E+06   0.190290E+06   0.845541E-02
   0.441731E+00   0.341306E+06   0.339643E+06  -0.428347E-01  -0.428554E-01   0.274820E+04   0.339528E+06   0.341045E+06   0.339528E+06  -0.808572E-02   0.179364E+06   0.179354E+06   0.756613E-02
   0.459398E+00   0.321877E+06   0.320328E+06  -0.373497E-01  -0.373678E-01   0.241649E+04   0.320202E+06   0.321634E+06   0.320202E+06  -0.762550E-02   0.169155E+06   0.169146E+06   0.674187E-02
   0.477771E+00   0.302958E+06   0.301491E+06  -0.325027E-01  -0.325185E-01   0.211994E+04   0.301380E+06   0.302728E+06   0.301380E+06  -0.717724E-02   0.159212E+06   0.159203E+06   0.616576E-02
   0.496880E+00   0.285020E+06   0.283632E+06  -0.282718E-01  -0.282855E-01   0.185837E+04   0.283534E+06   0.284803E+06   0.283534E+06  -0.675224E-02   0.149784E+06   0.149776E+06   0.562310E-02
   0.516752E+00   0.268402E+06   0.267102E+06  -0.246154E-01  -0.246273E-01   0.163015E+04   0.267002E+06   0.268198E+06   0.267002E+06  -0.635856E-02   0.141052E+06   0.141044E+06   0.504304E-02
   0.537420E+00   0.252614E+06   0.251392E+06  -0.214200E-01  -0.214304E-01   0.142876E+04   0.251297E+06   0.252423E+06   0.251297E+06  -0.598453E-02   0.132755E+06   0.132747E+06   0.455850E-02
   0.558914E+00   0.237563E+06   0.236410E+06  -0.186244E-01  -0.186334E-01   0.125088E+04   0.236323E+06   0.237382E+06   0.236323E+06  -0.562795E-02   0.124845E+06   0.124838E+06   0.414546E-02
   0.581267E+00   0.223476E+06   0.222393E+06  -0.161985E-01  -0.162064E-01   0.109517E+04   0.222310E+06   0.223306E+06   0.222310E+06  -0.529422E-02   0.117442E+06   0.117435E+06   0.373766E-02
   0.604515E+00   0.210175E+06   0.209158E+06  -0.140853E-01  -0.140921E-01   0.958355E+03   0.209078E+06   0.210016E+06   0.209078E+06  -0.497911E-02   0.110452E+06   0.110446E+06   0.337622E-02
   0.628692E+00   0.197571E+06   0.196613E+06  -0.122419E-01  -0.122478E-01   0.838013E+03   0.196539E+06   0.197421E+06   0.196539E+06  -0.468051E-02   0.103828E+06   0.103822E+06   0.305814E-02
   0.653837E+00   0.185727E+06   0.184827E+06  -0.106400E-01  -0.106451E-01   0.732609E+03   0.184757E+06   0.185586E+06   0.184757E+06  -0.439991E-02   0.976034E+05   0.975980E+05   0.275992E-02
   0.816543E+00   0.130290E+06   0.129659E+06  -0.478597E-02  -0.478828E-02   0.339073E+03   0.129609E+06   0.130191E+06   0.129609E+06  -0.308658E-02   0.684701E+05   0.684663E+05   0.155027E-02
   0.101974E+01   0.908635E+05   0.904237E+05  -0.214011E-02  -0.214115E-02   0.154969E+03   0.903881E+05   0.907946E+05   0.903881E+05  -0.215256E-02   0.477506E+05   0.477479E+05   0.865925E-03
   0.127350E+01   0.630314E+05   0.627264E+05  -0.951896E-03  -0.952356E-03   0.700653E+02   0.627014E+05   0.629836E+05   0.627014E+05  -0.149321E-02   0.331242E+05   0.331224E+05   0.481475E-03
   0.159041E+01   0.435152E+05   0.433047E+05  -0.421364E-03  -0.421568E-03   0.313889E+02   0.432874E+05   0.434823E+05   0.432874E+05  -0.103087E-02   0.228681E+05   0.228668E+05   0.266713E-03
   0.198618E+01   0.299120E+05   0.297673E+05  -0.185714E-03  -0.185804E-03   0.139538E+02   0.297553E+05   0.298893E+05   0.297553E+05  -0.708612E-03   0.157193E+05   0.157184E+05   0.147334E-03
   0.248044E+01   0.204807E+05   0.203816E+05  -0.815316E-04  -0.815711E-04   0.616292E+01   0.203734E+05   0.204652E+05   0.203734E+05  -0.485185E-03   0.107630E+05   0.107624E+05   0.812579E-04
   0.309769E+01   0.139732E+05   0.139056E+05  -0.356663E-04  -0.356836E-04   0.270719E+01   0.139000E+05   0.139626E+05   0.139000E+05  -0.331023E-03   0.734318E+04   0.734277E+04   0.448134E-04
   0.386855E+01   0.950253E+04   0.945652E+04  -0.155519E-04  -0.155594E-04   0.118374E+01   0.945274E+04   0.949533E+04   0.945274E+04  -0.225113E-03   0.499375E+04   0.499347E+04   0.247661E-04
   0.483124E+01   0.644309E+04   0.641187E+04  -0.676111E-05  -0.676439E-05   0.515587E+00   0.640932E+04   0.643820E+04   0.640932E+04  -0.152635E-03   0.338596E+04   0.338576E+04   0.137565E-04
   0.603348E+01   0.435683E+04   0.433569E+04  -0.293141E-05  -0.293282E-05   0.223817E+00   0.433399E+04   0.435352E+04   0.433399E+04  -0.103212E-03   0.228959E+04   0.228945E+04   0.771180E-05
   0.753491E+01   0.293877E+04   0.292449E+04  -0.126780E-05  -0.126842E-05   0.968759E-01   0.292336E+04   0.293654E+04   0.292336E+04  -0.696188E-04   0.154438E+04   0.154428E+04   0.438755E-05
   0.940996E+01   0.197772E+04   0.196808E+04  -0.547058E-06  -0.547323E-06   0.418241E-01   0.196735E+04   0.197621E+04   0.196735E+04  -0.468517E-04   0.103933E+04   0.103925E+04   0.255145E-05
   0.117516E+02   0.132815E+04   0.132164E+04  -0.235557E-06  -0.235671E-06   0.180147E-01   0.132118E+04   0.132713E+04   0.132118E+04  -0.314633E-04   0.697960E+03   0.697906E+03   0.152905E-05
   0.146760E+02   0.890173E+03   0.885774E+03  -0.101229E-06  -0.101278E-06   0.774338E-02   0.885494E+03   0.889484E+03   0.885494E+03  -0.210877E-04   0.467796E+03   0.467754E+03   0.952111E-06
   0.183281E+02   0.595537E+03   0.592557E+03  -0.434234E-07  -0.434445E-07   0.332201E-02   0.592401E+03   0.595070E+03   0.592401E+03  -0.141078E-04   0.312959E+03   0.312925E+03   0.619921E-06
   0.228890E+02   0.397739E+03   0.395711E+03  -0.185952E-07  -0.186042E-07   0.142265E-02   0.395639E+03   0.397422E+03   0.395639E+03  -0.942199E-05   0.209012E+03   0.208983E+03   0.423152E-06
   0.285849E+02   0.265207E+03   0.263815E+03  -0.795017E-08  -0.795401E-08   0.608257E-03   0.263801E+03   0.264989E+03   0.263801E+03  -0.628231E-05   0.139364E+03   0.139338E+03   0.302199E-06
   0.356983E+02   0.176563E+03   0.175595E+03  -0.339378E-08  -0.339542E-08   0.259648E-03   0.175620E+03   0.176411E+03   0.175620E+03  -0.418232E-05   0.927795E+02   0.927554E+02   0.224468E-06
   0.445817E+02   0.117370E+03   0.116684E+03  -0.144658E-08  -0.144728E-08   0.110662E-03   0.116736E+03   0.117262E+03   0.116736E+03  -0.278003E-05   0.616722E+02   0.616492E+02   0.172026E-06
   0.556759E+02   0.779034E+02   0.774039E+02  -0.615681E-09  -0.615978E-09   0.470931E-04   0.774761E+02   0.778251E+02   0.774761E+02  -0.184506E-05   0.409315E+02   0.409090E+02   0.134903E-06
   0.695307E+02   0.516265E+02   0.512501E+02  -0.261640E-09  -0.261766E-09   0.200077E-04   0.513363E+02   0.515676E+02   0.513363E+02  -0.122255E-05   0.271223E+02   0.270999E+02   0.107461E-06
   0.868334E+02   0.341543E+02   0.338587E+02  -0.111003E-09  -0.111057E-09   0.848473E-05   0.339550E+02   0.341080E+02   0.339550E+02  -0.808625E-06   0.179400E+02   0.179175E+02   0.864319E-07
   0.108442E+03   0.225507E+02   0.223080E+02  -0.470061E-10  -0.470287E-10   0.359116E-05   0.224117E+02   0.225127E+02   0.224117E+02  -0.533726E-06   0.118419E+02   0.118192E+02   0.698548E-07
   0.135427E+03   0.148536E+02   0.146456E+02  -0.198608E-10  -0.198703E-10   0.151577E-05   0.147546E+02   0.148210E+02   0.147546E+02  -0.351374E-06   0.779682E+01   0.777388E+01   0.565005E-07
   0.169128E+03   0.975380E+01   0.956903E+01  -0.836776E-11  -0.837178E-11   0.637696E-06   0.968124E+01   0.972486E+01   0.968124E+01  -0.230555E-06   0.511668E+01   0.509358E+01   0.455605E-07
   0.211216E+03   0.637924E+01   0.621088E+01  -0.351258E-11  -0.351426E-11   0.267082E-06   0.632437E+01   0.635287E+01   0.632437E+01  -0.150612E-06   0.334329E+01   0.332019E+01   0.364792E-07
   0.263777E+03   0.415009E+01   0.399485E+01  -0.146743E-11  -0.146813E-11   0.111225E-06   0.410727E+01   0.412577E+01   0.410727E+01  -0.978129E-07   0.217200E+01   0.214917E+01   0.288656E-07
   0.329417E+03   0.268155E+01   0.253882E+01  -0.609320E-12  -0.609606E-12   0.459578E-07   0.264726E+01   0.265919E+01   0.264726E+01  -0.630435E-07   0.140062E+01   0.137845E+01   0.224508E-07
   0.411392E+03   0.171866E+01   0.158971E+01  -0.251215E-12  -0.251331E-12   0.188222E-07   0.169084E+01   0.169846E+01   0.169084E+01  -0.402667E-07   0.895235E+00   0.874184E+00   0.170698E-07
   0.513767E+03   0.109245E+01   0.979451E+00  -0.102861E-12  -0.102908E-12   0.763940E-08   0.106993E+01   0.107475E+01   0.106993E+01  -0.254799E-07   0.567040E+00   0.547563E+00   0.126463E-07
   0.641617E+03   0.690191E+00   0.594710E+00  -0.419427E-13  -0.419613E-13   0.307598E-08   0.672207E+00   0.675235E+00   0.672207E+00  -0.160083E-07   0.356725E+00   0.339120E+00   0.915257E-08
   0.801282E+03   0.435368E+00   0.356989E+00  -0.171229E-13  -0.171302E-13   0.123563E-08   0.421194E+00   0.423091E+00   0.421194E+00  -0.100306E-07   0.223910E+00   0.208237E+00   0.652502E-08
   0.100068E+04   0.275226E+00   0.211791E+00  -0.702954E-14  -0.703239E-14   0.496766E-09   0.264100E+00   0.265290E+00   0.264100E+00  -0.628943E-08   0.140725E+00   0.126932E+00   0.459777E-08
