   0.742721E-04   0.197864E+08   0.197864E+08   0.256845E+08   0.256835E+08   0.197867E+08   0.197864E+08
   0.103655E-03   0.197852E+08   0.197852E+08   0.250376E+08   0.250357E+08   0.197837E+08   0.197852E+08
   0.144662E-03   0.197829E+08   0.197829E+08   0.238203E+08   0.238168E+08   0.197778E+08   0.197829E+08
   0.201893E-03   0.197784E+08   0.197784E+08   0.216035E+08   0.215975E+08   0.197663E+08   0.197784E+08
   0.281764E-03   0.197698E+08   0.197698E+08   0.178215E+08   0.178125E+08   0.197443E+08   0.197697E+08
   0.393233E-03   0.197536E+08   0.197536E+08   0.121605E+08   0.121507E+08   0.197019E+08   0.197534E+08
   0.548801E-03   0.197235E+08   0.197235E+08   0.570327E+07   0.569975E+07   0.196218E+08   0.197231E+08
   0.765913E-03   0.196698E+08   0.196698E+08   0.167500E+07   0.167944E+07   0.194733E+08   0.196689E+08
   0.106892E-02   0.195779E+08   0.195778E+08   0.938293E+06   0.934375E+06   0.192070E+08   0.195762E+08
   0.149180E-02   0.194262E+08   0.194260E+08   0.231558E+06   0.223373E+06   0.187511E+08   0.194232E+08
   0.208197E-02   0.191840E+08   0.191835E+08  -0.106667E+06  -0.106715E+06   0.180324E+08   0.191788E+08
   0.290562E-02   0.188108E+08   0.188098E+08  -0.537011E+05  -0.537252E+05   0.170068E+08   0.188025E+08
   0.405512E-02   0.182593E+08   0.182576E+08  -0.267690E+05  -0.267810E+05   0.156596E+08   0.182474E+08
   0.419257E-02   0.181925E+08   0.181906E+08  -0.249517E+05  -0.249630E+05   0.155060E+08   0.181802E+08
   0.433468E-02   0.181233E+08   0.181213E+08  -0.232546E+05  -0.232651E+05   0.153489E+08   0.181106E+08
   0.448160E-02   0.180518E+08   0.180496E+08  -0.216698E+05  -0.216796E+05   0.151878E+08   0.180386E+08
   0.463351E-02   0.179778E+08   0.179755E+08  -0.201900E+05  -0.201991E+05   0.150235E+08   0.179642E+08
   0.479056E-02   0.179013E+08   0.178988E+08  -0.188084E+05  -0.188168E+05   0.148558E+08   0.178873E+08
   0.495294E-02   0.178223E+08   0.178197E+08  -0.175185E+05  -0.175264E+05   0.146845E+08   0.178079E+08
   0.512082E-02   0.177407E+08   0.177379E+08  -0.163145E+05  -0.163218E+05   0.145098E+08   0.177258E+08
   0.529439E-02   0.176565E+08   0.176535E+08  -0.151906E+05  -0.151974E+05   0.143316E+08   0.176412E+08
   0.547384E-02   0.175696E+08   0.175664E+08  -0.141417E+05  -0.141481E+05   0.141498E+08   0.175538E+08
   0.565938E-02   0.174800E+08   0.174766E+08  -0.131629E+05  -0.131688E+05   0.139645E+08   0.174637E+08
   0.585120E-02   0.173876E+08   0.173840E+08  -0.122496E+05  -0.122551E+05   0.137755E+08   0.173709E+08
   0.604953E-02   0.172928E+08   0.172889E+08  -0.113978E+05  -0.114029E+05   0.135609E+08   0.172755E+08
   0.625458E-02   0.171946E+08   0.171905E+08  -0.106029E+05  -0.106076E+05   0.133613E+08   0.171768E+08
   0.646658E-02   0.170935E+08   0.170892E+08  -0.986135E+04  -0.986578E+04   0.131576E+08   0.170752E+08
   0.668576E-02   0.169894E+08   0.169848E+08  -0.916979E+04  -0.917391E+04   0.129499E+08   0.169706E+08
   0.691238E-02   0.168822E+08   0.168773E+08  -0.852488E+04  -0.852871E+04   0.127385E+08   0.168629E+08
   0.714668E-02   0.167720E+08   0.167667E+08  -0.792355E+04  -0.792711E+04   0.125235E+08   0.167522E+08
   0.738891E-02   0.166585E+08   0.166530E+08  -0.736294E+04  -0.736625E+04   0.123052E+08   0.166382E+08
   0.763936E-02   0.165419E+08   0.165360E+08  -0.684036E+04  -0.684344E+04   0.120842E+08   0.165211E+08
   0.789830E-02   0.164218E+08   0.164155E+08  -0.635321E+04  -0.635606E+04   0.118607E+08   0.164004E+08
   0.816601E-02   0.162986E+08   0.162919E+08  -0.589932E+04  -0.590197E+04   0.116353E+08   0.162767E+08
   0.844280E-02   0.161720E+08   0.161649E+08  -0.547643E+04  -0.547889E+04   0.114082E+08   0.161496E+08
   0.872897E-02   0.160420E+08   0.160345E+08  -0.508247E+04  -0.508475E+04   0.111793E+08   0.160191E+08
   0.902484E-02   0.159086E+08   0.159005E+08  -0.471552E+04  -0.471764E+04   0.109486E+08   0.158851E+08
   0.933074E-02   0.157716E+08   0.157631E+08  -0.437381E+04  -0.437577E+04   0.107159E+08   0.157477E+08
   0.964700E-02   0.156312E+08   0.156222E+08  -0.405566E+04  -0.405748E+04   0.104812E+08   0.156068E+08
   0.997399E-02   0.154871E+08   0.154776E+08  -0.375946E+04  -0.376115E+04   0.102445E+08   0.154622E+08
   0.103121E-01   0.153394E+08   0.153293E+08  -0.348378E+04  -0.348534E+04   0.100058E+08   0.153140E+08
   0.106616E-01   0.151880E+08   0.151773E+08  -0.322724E+04  -0.322868E+04   0.976547E+07   0.151621E+08
   0.110230E-01   0.150329E+08   0.150215E+08  -0.298855E+04  -0.298989E+04   0.952371E+07   0.150065E+08
   0.113966E-01   0.148739E+08   0.148618E+08  -0.276651E+04  -0.276775E+04   0.928084E+07   0.148470E+08
   0.117829E-01   0.147112E+08   0.146984E+08  -0.256002E+04  -0.256117E+04   0.903723E+07   0.146838E+08
   0.121823E-01   0.145445E+08   0.145310E+08  -0.236803E+04  -0.236909E+04   0.879266E+07   0.145167E+08
   0.125952E-01   0.143740E+08   0.143596E+08  -0.218955E+04  -0.219053E+04   0.854849E+07   0.143457E+08
   0.130221E-01   0.141995E+08   0.141843E+08  -0.202368E+04  -0.202459E+04   0.830448E+07   0.141707E+08
   0.134635E-01   0.140210E+08   0.140050E+08  -0.186957E+04  -0.187040E+04   0.806077E+07   0.139918E+08
   0.139198E-01   0.138385E+08   0.138216E+08  -0.172641E+04  -0.172719E+04   0.781744E+07   0.138089E+08
   0.143916E-01   0.136520E+08   0.136342E+08  -0.159347E+04  -0.159419E+04   0.757444E+07   0.136220E+08
   0.148794E-01   0.134614E+08   0.134426E+08  -0.147006E+04  -0.147072E+04   0.733187E+07   0.134311E+08
   0.153838E-01   0.132668E+08   0.132470E+08  -0.135552E+04  -0.135612E+04   0.709004E+07   0.132361E+08
   0.159052E-01   0.130682E+08   0.130473E+08  -0.124924E+04  -0.124980E+04   0.684944E+07   0.130371E+08
   0.164443E-01   0.128654E+08   0.128435E+08  -0.115068E+04  -0.115119E+04   0.661056E+07   0.128340E+08
   0.170017E-01   0.126587E+08   0.126356E+08  -0.105929E+04  -0.105976E+04   0.637369E+07   0.126270E+08
   0.175780E-01   0.124480E+08   0.124238E+08  -0.974583E+03  -0.975019E+03   0.613893E+07   0.124160E+08
   0.181738E-01   0.122333E+08   0.122079E+08  -0.896108E+03  -0.896509E+03   0.590640E+07   0.122010E+08
   0.187898E-01   0.120148E+08   0.119881E+08  -0.823433E+03  -0.823801E+03   0.567630E+07   0.119823E+08
   0.194267E-01   0.117924E+08   0.117646E+08  -0.756159E+03  -0.756497E+03   0.544891E+07   0.117597E+08
   0.200851E-01   0.115664E+08   0.115373E+08  -0.693914E+03  -0.694224E+03   0.522456E+07   0.115335E+08
   0.207659E-01   0.113369E+08   0.113065E+08  -0.636351E+03  -0.636635E+03   0.500362E+07   0.113038E+08
   0.214698E-01   0.111040E+08   0.110723E+08  -0.583145E+03  -0.583406E+03   0.478640E+07   0.110708E+08
   0.221975E-01   0.108679E+08   0.108349E+08  -0.533997E+03  -0.534235E+03   0.457300E+07   0.108345E+08
   0.229499E-01   0.106288E+08   0.105945E+08  -0.488623E+03  -0.488841E+03   0.436358E+07   0.105954E+08
   0.237278E-01   0.103870E+08   0.103514E+08  -0.446761E+03  -0.446961E+03   0.415847E+07   0.103536E+08
   0.245321E-01   0.101428E+08   0.101060E+08  -0.408167E+03  -0.408350E+03   0.395805E+07   0.101094E+08
   0.253636E-01   0.989651E+07   0.985850E+07  -0.372613E+03  -0.372779E+03   0.376252E+07   0.986314E+07
   0.262233E-01   0.964856E+07   0.960937E+07  -0.339885E+03  -0.340037E+03   0.357203E+07   0.961526E+07
   0.271121E-01   0.939934E+07   0.935905E+07  -0.309786E+03  -0.309924E+03   0.338676E+07   0.936616E+07
   0.280311E-01   0.914935E+07   0.910801E+07  -0.282129E+03  -0.282255E+03   0.320697E+07   0.911632E+07
   0.289812E-01   0.889912E+07   0.885682E+07  -0.256742E+03  -0.256857E+03   0.303292E+07   0.886627E+07
   0.299635E-01   0.864920E+07   0.860605E+07  -0.233464E+03  -0.233568E+03   0.286474E+07   0.861659E+07
   0.309791E-01   0.840024E+07   0.835636E+07  -0.212143E+03  -0.212237E+03   0.270252E+07   0.836790E+07
   0.320292E-01   0.815290E+07   0.810843E+07  -0.192637E+03  -0.192723E+03   0.254650E+07   0.812088E+07
   0.331148E-01   0.790790E+07   0.786298E+07  -0.174816E+03  -0.174894E+03   0.239683E+07   0.787623E+07
   0.342372E-01   0.766598E+07   0.762079E+07  -0.158555E+03  -0.158626E+03   0.225356E+07   0.763471E+07
   0.353977E-01   0.742791E+07   0.738263E+07  -0.143738E+03  -0.143802E+03   0.211676E+07   0.739708E+07
   0.365975E-01   0.719447E+07   0.714931E+07  -0.130256E+03  -0.130314E+03   0.198656E+07   0.716412E+07
   0.378380E-01   0.696574E+07   0.692092E+07  -0.117994E+03  -0.118047E+03   0.186274E+07   0.693592E+07
   0.391205E-01   0.674211E+07   0.669785E+07  -0.106852E+03  -0.106900E+03   0.174519E+07   0.671285E+07
   0.404465E-01   0.652530E+07   0.648183E+07  -0.967577E+02  -0.968008E+02   0.163418E+07   0.649663E+07
   0.418175E-01   0.631615E+07   0.627372E+07  -0.876265E+02  -0.876656E+02   0.152966E+07   0.628811E+07
   0.432349E-01   0.611538E+07   0.607421E+07  -0.793791E+02  -0.794144E+02   0.143151E+07   0.608800E+07
   0.447003E-01   0.592347E+07   0.588380E+07  -0.719384E+02  -0.719704E+02   0.133959E+07   0.589677E+07
   0.462154E-01   0.574067E+07   0.570273E+07  -0.652306E+02  -0.652596E+02   0.125363E+07   0.571468E+07
   0.477819E-01   0.556697E+07   0.553096E+07  -0.591853E+02  -0.592117E+02   0.117336E+07   0.554169E+07
   0.494015E-01   0.540208E+07   0.536817E+07  -0.537359E+02  -0.537598E+02   0.109844E+07   0.537753E+07
   0.510760E-01   0.524548E+07   0.521382E+07  -0.488202E+02  -0.488419E+02   0.102847E+07   0.522168E+07
   0.528072E-01   0.509648E+07   0.506715E+07  -0.443809E+02  -0.444006E+02   0.963103E+06   0.507341E+07
   0.545971E-01   0.495427E+07   0.492733E+07  -0.403663E+02  -0.403842E+02   0.901920E+06   0.493194E+07
   0.564477E-01   0.481796E+07   0.479342E+07  -0.367296E+02  -0.367460E+02   0.844579E+06   0.479636E+07
   0.583610E-01   0.468665E+07   0.466443E+07  -0.334294E+02  -0.334443E+02   0.790721E+06   0.466576E+07
   0.611118E-01   0.451569E+07   0.449648E+07  -0.293816E+02  -0.293947E+02   0.722106E+06   0.449572E+07
   0.638626E-01   0.435364E+07   0.433692E+07  -0.259444E+02  -0.259559E+02   0.660863E+06   0.433452E+07
   0.666134E-01   0.419953E+07   0.418475E+07  -0.230056E+02  -0.230159E+02   0.605994E+06   0.418115E+07
   0.693642E-01   0.404926E+07   0.403583E+07  -0.204609E+02  -0.204700E+02   0.556219E+06   0.403154E+07
   0.721151E-01   0.390021E+07   0.388756E+07  -0.182351E+02  -0.182432E+02   0.510643E+06   0.388307E+07
   0.748659E-01   0.375103E+07   0.373866E+07  -0.162741E+02  -0.162813E+02   0.468673E+06   0.373442E+07
   0.776167E-01   0.360174E+07   0.358923E+07  -0.145394E+02  -0.145459E+02   0.429953E+06   0.358560E+07
   0.803675E-01   0.345335E+07   0.344037E+07  -0.130031E+02  -0.130089E+02   0.394290E+06   0.343764E+07
   0.831183E-01   0.330747E+07   0.329384E+07  -0.116436E+02  -0.116487E+02   0.361573E+06   0.329217E+07
   0.858692E-01   0.316590E+07   0.315151E+07  -0.104428E+02  -0.104474E+02   0.331706E+06   0.315098E+07
   0.886200E-01   0.303026E+07   0.301514E+07  -0.938463E+01  -0.938880E+01   0.304586E+06   0.301571E+07
   0.913708E-01   0.290192E+07   0.288617E+07  -0.845426E+01  -0.845802E+01   0.280087E+06   0.288773E+07
   0.941216E-01   0.278194E+07   0.276575E+07  -0.763800E+01  -0.764139E+01   0.258054E+06   0.276812E+07
   0.968724E-01   0.267114E+07   0.265475E+07  -0.692333E+01  -0.692640E+01   0.238334E+06   0.265769E+07
   0.996233E-01   0.257008E+07   0.255376E+07  -0.629879E+01  -0.630159E+01   0.220761E+06   0.255702E+07
   0.102374E+00   0.247903E+07   0.246303E+07  -0.575376E+01  -0.575631E+01   0.205156E+06   0.246636E+07
   0.105125E+00   0.239786E+07   0.238244E+07  -0.527820E+01  -0.528055E+01   0.191329E+06   0.238558E+07
   0.107876E+00   0.232603E+07   0.231140E+07  -0.486262E+01  -0.486478E+01   0.179078E+06   0.231414E+07
   0.110627E+00   0.226260E+07   0.224891E+07  -0.449805E+01  -0.450005E+01   0.168193E+06   0.225109E+07
   0.113377E+00   0.220631E+07   0.219368E+07  -0.417626E+01  -0.417812E+01   0.158464E+06   0.219518E+07
   0.116128E+00   0.215574E+07   0.214421E+07  -0.388986E+01  -0.389159E+01   0.149692E+06   0.214497E+07
   0.118879E+00   0.210937E+07   0.209891E+07  -0.363241E+01  -0.363402E+01   0.141696E+06   0.209894E+07
   0.121630E+00   0.206571E+07   0.205626E+07  -0.339845E+01  -0.339996E+01   0.134318E+06   0.205560E+07
   0.124381E+00   0.202339E+07   0.201482E+07  -0.318347E+01  -0.318488E+01   0.127421E+06   0.201357E+07
   0.127131E+00   0.198121E+07   0.197337E+07  -0.298389E+01  -0.298521E+01   0.120898E+06   0.197167E+07
   0.129882E+00   0.193825E+07   0.193096E+07  -0.279700E+01  -0.279825E+01   0.114670E+06   0.192895E+07
   0.132633E+00   0.189391E+07   0.188699E+07  -0.262096E+01  -0.262212E+01   0.108684E+06   0.188484E+07
   0.135384E+00   0.184798E+07   0.184126E+07  -0.245461E+01  -0.245570E+01   0.102914E+06   0.183913E+07
   0.138135E+00   0.180059E+07   0.179390E+07  -0.229740E+01  -0.229842E+01   0.973555E+05   0.179193E+07
   0.140886E+00   0.175213E+07   0.174535E+07  -0.214914E+01  -0.215009E+01   0.920186E+05   0.174364E+07
   0.143636E+00   0.170316E+07   0.169619E+07  -0.200982E+01  -0.201071E+01   0.869192E+05   0.169484E+07
   0.146387E+00   0.165429E+07   0.164707E+07  -0.187946E+01  -0.188030E+01   0.820742E+05   0.164613E+07
   0.149138E+00   0.160615E+07   0.159865E+07  -0.175805E+01  -0.175883E+01   0.774983E+05   0.159814E+07
   0.151889E+00   0.155931E+07   0.155154E+07  -0.164549E+01  -0.164622E+01   0.732025E+05   0.155145E+07
   0.154640E+00   0.151431E+07   0.150632E+07  -0.154163E+01  -0.154231E+01   0.691937E+05   0.150660E+07
   0.157390E+00   0.147167E+07   0.146352E+07  -0.144629E+01  -0.144693E+01   0.654765E+05   0.146411E+07
   0.160141E+00   0.143183E+07   0.142361E+07  -0.135920E+01  -0.135981E+01   0.620521E+05   0.142442E+07
   0.162892E+00   0.139514E+07   0.138693E+07  -0.128002E+01  -0.128059E+01   0.589157E+05   0.138788E+07
   0.165643E+00   0.136177E+07   0.135368E+07  -0.120826E+01  -0.120880E+01   0.560556E+05   0.135466E+07
   0.168394E+00   0.133168E+07   0.132380E+07  -0.114330E+01  -0.114381E+01   0.534532E+05   0.132473E+07
   0.171145E+00   0.130465E+07   0.129705E+07  -0.108441E+01  -0.108489E+01   0.510824E+05   0.129785E+07
   0.173895E+00   0.128027E+07   0.127302E+07  -0.103079E+01  -0.103125E+01   0.489135E+05   0.127363E+07
   0.176646E+00   0.125805E+07   0.125119E+07  -0.981641E+00  -0.982076E+00   0.469149E+05   0.125156E+07
   0.179397E+00   0.123747E+07   0.123102E+07  -0.936242E+00  -0.936658E+00   0.450577E+05   0.123113E+07
   0.182148E+00   0.121804E+07   0.121199E+07  -0.893956E+00  -0.894353E+00   0.433155E+05   0.121184E+07
   0.184899E+00   0.119930E+07   0.119363E+07  -0.854248E+00  -0.854627E+00   0.416662E+05   0.119324E+07
   0.187649E+00   0.118087E+07   0.117555E+07  -0.816674E+00  -0.817037E+00   0.400913E+05   0.117493E+07
   0.190400E+00   0.116240E+07   0.115738E+07  -0.780874E+00  -0.781221E+00   0.385760E+05   0.115659E+07
   0.193151E+00   0.114363E+07   0.113884E+07  -0.746560E+00  -0.746891E+00   0.371082E+05   0.113793E+07
   0.195902E+00   0.112434E+07   0.111973E+07  -0.713519E+00  -0.713836E+00   0.356792E+05   0.111875E+07
   0.198653E+00   0.110443E+07   0.109992E+07  -0.681616E+00  -0.681919E+00   0.342841E+05   0.109894E+07
   0.201404E+00   0.108388E+07   0.107942E+07  -0.650790E+00  -0.651079E+00   0.329214E+05   0.107848E+07
   0.204154E+00   0.106278E+07   0.105832E+07  -0.621044E+00  -0.621319E+00   0.315927E+05   0.105747E+07
   0.206905E+00   0.104132E+07   0.103682E+07  -0.592426E+00  -0.592689E+00   0.303019E+05   0.103609E+07
   0.209656E+00   0.101972E+07   0.101515E+07  -0.565011E+00  -0.565261E+00   0.290543E+05   0.101457E+07
   0.212407E+00   0.998243E+06   0.993597E+06  -0.538871E+00  -0.539110E+00   0.278552E+05   0.993177E+06
   0.215158E+00   0.977140E+06   0.972413E+06  -0.514071E+00  -0.514299E+00   0.267093E+05   0.972151E+06
   0.217909E+00   0.956641E+06   0.951843E+06  -0.490654E+00  -0.490872E+00   0.256203E+05   0.951728E+06
   0.226624E+00   0.897744E+06   0.892886E+06  -0.425704E+00  -0.425892E+00   0.225680E+05   0.893071E+06
   0.235687E+00   0.848574E+06   0.843993E+06  -0.372045E+00  -0.372210E+00   0.200162E+05   0.844153E+06
   0.245114E+00   0.808384E+06   0.804331E+06  -0.327714E+00  -0.327859E+00   0.178855E+05   0.804216E+06
   0.254917E+00   0.771496E+06   0.767962E+06  -0.289191E+00  -0.289319E+00   0.160041E+05   0.767566E+06
   0.265112E+00   0.732399E+06   0.729145E+06  -0.253837E+00  -0.253950E+00   0.142385E+05   0.728679E+06
   0.275715E+00   0.689746E+06   0.686520E+06  -0.221020E+00  -0.221118E+00   0.125609E+05   0.686213E+06
   0.286743E+00   0.647127E+06   0.643873E+06  -0.191717E+00  -0.191802E+00   0.110346E+05   0.643774E+06
   0.298211E+00   0.609343E+06   0.606206E+06  -0.166906E+00  -0.166980E+00   0.972544E+04   0.606171E+06
   0.310138E+00   0.577415E+06   0.574560E+06  -0.146236E+00  -0.146301E+00   0.862323E+04   0.574425E+06
   0.322542E+00   0.548097E+06   0.545525E+06  -0.128347E+00  -0.128404E+00   0.765617E+04   0.545278E+06
   0.335442E+00   0.517837E+06   0.515412E+06  -0.112116E+00  -0.112166E+00   0.676300E+04   0.515172E+06
   0.348857E+00   0.486791E+06   0.484416E+06  -0.974430E-01  -0.974863E-01   0.594166E+04   0.484270E+06
   0.362810E+00   0.458024E+06   0.455740E+06  -0.847685E-01  -0.848061E-01   0.522300E+04   0.455642E+06
   0.377320E+00   0.432703E+06   0.430592E+06  -0.740434E-01  -0.740762E-01   0.460839E+04   0.430459E+06
   0.392411E+00   0.409048E+06   0.407100E+06  -0.647173E-01  -0.647461E-01   0.406732E+04   0.406932E+06
   0.408106E+00   0.385334E+06   0.383481E+06  -0.563670E-01  -0.563920E-01   0.357592E+04   0.383337E+06
   0.424428E+00   0.362401E+06   0.360625E+06  -0.490134E-01  -0.490351E-01   0.313766E+04   0.360517E+06
   0.441403E+00   0.341547E+06   0.339884E+06  -0.427091E-01  -0.427281E-01   0.275804E+04   0.339772E+06
   0.459057E+00   0.322123E+06   0.320574E+06  -0.372424E-01  -0.372590E-01   0.242530E+04   0.320452E+06
   0.477416E+00   0.303214E+06   0.301748E+06  -0.324120E-01  -0.324264E-01   0.212787E+04   0.301639E+06
   0.496511E+00   0.285251E+06   0.283863E+06  -0.281919E-01  -0.282044E-01   0.186527E+04   0.283767E+06
   0.516368E+00   0.268617E+06   0.267317E+06  -0.245456E-01  -0.245565E-01   0.163621E+04   0.267220E+06
   0.537020E+00   0.252831E+06   0.251609E+06  -0.213605E-01  -0.213700E-01   0.143417E+04   0.251516E+06
   0.558498E+00   0.237768E+06   0.236614E+06  -0.185727E-01  -0.185809E-01   0.125562E+04   0.236530E+06
   0.580835E+00   0.223668E+06   0.222585E+06  -0.161535E-01  -0.161607E-01   0.109933E+04   0.222504E+06
   0.604066E+00   0.210363E+06   0.209346E+06  -0.140467E-01  -0.140529E-01   0.962044E+03   0.209268E+06
   0.628225E+00   0.197750E+06   0.196792E+06  -0.122084E-01  -0.122138E-01   0.841252E+03   0.196719E+06
   0.653351E+00   0.185896E+06   0.184996E+06  -0.106109E-01  -0.106156E-01   0.735450E+03   0.184927E+06
   0.815937E+00   0.130418E+06   0.129787E+06  -0.477326E-02  -0.477538E-02   0.340427E+03   0.129738E+06
   0.101898E+01   0.909589E+05   0.905190E+05  -0.213457E-02  -0.213552E-02   0.155603E+03   0.904841E+05
   0.127255E+01   0.631010E+05   0.627959E+05  -0.949484E-03  -0.949905E-03   0.703577E+02   0.627715E+05
   0.158923E+01   0.435656E+05   0.433550E+05  -0.420319E-03  -0.420506E-03   0.315221E+02   0.433380E+05
   0.198471E+01   0.299481E+05   0.298034E+05  -0.185263E-03  -0.185345E-03   0.140139E+02   0.297917E+05
   0.247860E+01   0.205064E+05   0.204072E+05  -0.813370E-04  -0.813731E-04   0.618981E+01   0.203992E+05
   0.309539E+01   0.139913E+05   0.139236E+05  -0.355827E-04  -0.355985E-04   0.271912E+01   0.139182E+05
   0.386568E+01   0.951517E+04   0.946913E+04  -0.155160E-04  -0.155228E-04   0.118901E+01   0.946543E+04
   0.482765E+01   0.645189E+04   0.642065E+04  -0.674574E-05  -0.674873E-05   0.517906E+00   0.641815E+04
   0.602900E+01   0.436293E+04   0.434177E+04  -0.292484E-05  -0.292613E-05   0.224829E+00   0.434011E+04
   0.752931E+01   0.294297E+04   0.292867E+04  -0.126500E-05  -0.126556E-05   0.973178E-01   0.292758E+04
   0.940297E+01   0.198061E+04   0.197095E+04  -0.545864E-06  -0.546106E-06   0.420162E-01   0.197024E+04
   0.117429E+02   0.133012E+04   0.132360E+04  -0.235049E-06  -0.235153E-06   0.180981E-01   0.132315E+04
   0.146651E+02   0.891516E+03   0.887114E+03  -0.101014E-06  -0.101058E-06   0.777939E-02   0.886842E+03
   0.183145E+02   0.596449E+03   0.593468E+03  -0.433319E-07  -0.433512E-07   0.333750E-02   0.593316E+03
   0.228720E+02   0.398358E+03   0.396329E+03  -0.185564E-07  -0.185646E-07   0.142936E-02   0.396259E+03
   0.285637E+02   0.265626E+03   0.264233E+03  -0.793377E-08  -0.793728E-08   0.611121E-03   0.264220E+03
   0.356718E+02   0.176845E+03   0.175877E+03  -0.338685E-08  -0.338835E-08   0.260876E-03   0.175903E+03
   0.445486E+02   0.117560E+03   0.116873E+03  -0.144365E-08  -0.144429E-08   0.111186E-03   0.116927E+03
   0.556345E+02   0.780308E+02   0.775314E+02  -0.614448E-09  -0.614720E-09   0.473188E-04   0.776038E+02
   0.694791E+02   0.517119E+02   0.513357E+02  -0.261121E-09  -0.261236E-09   0.201029E-04   0.514219E+02
   0.867689E+02   0.342114E+02   0.339161E+02  -0.110785E-09  -0.110834E-09   0.852621E-05   0.340122E+02
   0.108361E+03   0.225888E+02   0.223465E+02  -0.469148E-10  -0.469355E-10   0.360845E-05   0.224499E+02
