#          k/h    CDM            baryon         photon         nu             mass_nu        total          no_nu          total_de       Weyl           v_CDM          v_b            v_b-v_c     
   0.711238E-04   0.202872E+08   0.202872E+08   0.263085E+08   0.263074E+08   0.202874E+08   0.202872E+08   0.202872E+08   0.202943E+08  -0.457330E+00   0.986549E+07   0.986549E+07   0.444102E-01
   0.117263E-03   0.202848E+08   0.202848E+08   0.250749E+08   0.250720E+08   0.202813E+08   0.202847E+08   0.202848E+08   0.202915E+08  -0.457260E+00   0.986427E+07   0.986427E+07   0.730539E-01
   0.193334E-03   0.202782E+08   0.202782E+08   0.219831E+08   0.219758E+08   0.202647E+08   0.202781E+08   0.202782E+08   0.202840E+08  -0.457074E+00   0.986099E+07   0.986099E+07   0.119723E+00
   0.318755E-03   0.202607E+08   0.202607E+08   0.152585E+08   0.152424E+08   0.202201E+08   0.202605E+08   0.202607E+08   0.202646E+08  -0.456594E+00   0.985230E+07   0.985230E+07   0.194387E+00
   0.525537E-03   0.202162E+08   0.202161E+08   0.546136E+07   0.543110E+07   0.201035E+08   0.202156E+08   0.202162E+08   0.202171E+08  -0.455441E+00   0.983013E+07   0.983013E+07   0.309443E+00
   0.866465E-03   0.201108E+08   0.201107E+08   0.104987E+07   0.994078E+06   0.198117E+08   0.201094E+08   0.201108E+08   0.201096E+08  -0.452935E+00   0.977785E+07   0.977785E+07   0.478786E+00
   0.142856E-02   0.198833E+08   0.198830E+08   0.167819E+06   0.123608E+06   0.191420E+08   0.198797E+08   0.198832E+08   0.198798E+08  -0.447732E+00   0.966591E+07   0.966590E+07   0.725201E+00
   0.235530E-02   0.194289E+08   0.194281E+08  -0.119490E+06  -0.119525E+06   0.178463E+08   0.194213E+08   0.194288E+08   0.194212E+08  -0.437395E+00   0.944325E+07   0.944324E+07   0.108296E+01
   0.388323E-02   0.185971E+08   0.185951E+08  -0.420795E+05  -0.420917E+05   0.158117E+08   0.185835E+08   0.185967E+08   0.185835E+08  -0.418525E+00   0.903657E+07   0.903655E+07   0.159757E+01
   0.408232E-02   0.184866E+08   0.184844E+08  -0.378499E+05  -0.378609E+05   0.155651E+08   0.184724E+08   0.184862E+08   0.184724E+08  -0.416021E+00   0.898261E+07   0.898259E+07   0.165971E+01
   0.429163E-02   0.183705E+08   0.183681E+08  -0.340338E+05  -0.340437E+05   0.153103E+08   0.183556E+08   0.183701E+08   0.183555E+08  -0.413391E+00   0.892591E+07   0.892589E+07   0.172400E+01
   0.451166E-02   0.182485E+08   0.182459E+08  -0.305916E+05  -0.306004E+05   0.150470E+08   0.182329E+08   0.182481E+08   0.182329E+08  -0.410628E+00   0.886638E+07   0.886635E+07   0.179050E+01
   0.474298E-02   0.181206E+08   0.181177E+08  -0.274872E+05  -0.274952E+05   0.147762E+08   0.181043E+08   0.181201E+08   0.181042E+08  -0.407731E+00   0.880393E+07   0.880390E+07   0.185924E+01
   0.498616E-02   0.179865E+08   0.179834E+08  -0.246883E+05  -0.246955E+05   0.144975E+08   0.179694E+08   0.179860E+08   0.179694E+08  -0.404694E+00   0.873848E+07   0.873845E+07   0.193027E+01
   0.524181E-02   0.178461E+08   0.178426E+08  -0.221654E+05  -0.221718E+05   0.142107E+08   0.178283E+08   0.178455E+08   0.178283E+08  -0.401515E+00   0.866995E+07   0.866992E+07   0.200362E+01
   0.551056E-02   0.176991E+08   0.176954E+08  -0.198917E+05  -0.198975E+05   0.139157E+08   0.176806E+08   0.176985E+08   0.176806E+08  -0.398189E+00   0.859826E+07   0.859823E+07   0.207932E+01
   0.579309E-02   0.175461E+08   0.175419E+08  -0.178439E+05  -0.178491E+05   0.135868E+08   0.175266E+08   0.175454E+08   0.175266E+08  -0.394721E+00   0.852353E+07   0.852349E+07   0.215738E+01
   0.609011E-02   0.173856E+08   0.173810E+08  -0.159990E+05  -0.160036E+05   0.132694E+08   0.173653E+08   0.173848E+08   0.173653E+08  -0.391088E+00   0.844523E+07   0.844519E+07   0.223779E+01
   0.640236E-02   0.172181E+08   0.172131E+08  -0.143377E+05  -0.143419E+05   0.129430E+08   0.171970E+08   0.172173E+08   0.171970E+08  -0.387297E+00   0.836352E+07   0.836347E+07   0.232056E+01
   0.673061E-02   0.170434E+08   0.170379E+08  -0.128423E+05  -0.128460E+05   0.126085E+08   0.170214E+08   0.170425E+08   0.170214E+08  -0.383344E+00   0.827829E+07   0.827824E+07   0.240566E+01
   0.707570E-02   0.168613E+08   0.168553E+08  -0.114967E+05  -0.115000E+05   0.122672E+08   0.168385E+08   0.168603E+08   0.168385E+08  -0.379224E+00   0.818947E+07   0.818942E+07   0.249303E+01
   0.743848E-02   0.166717E+08   0.166651E+08  -0.102862E+05  -0.102892E+05   0.119204E+08   0.166481E+08   0.166706E+08   0.166481E+08  -0.374935E+00   0.809700E+07   0.809695E+07   0.258261E+01
   0.781986E-02   0.164743E+08   0.164671E+08  -0.919769E+04  -0.920036E+04   0.115696E+08   0.164499E+08   0.164731E+08   0.164499E+08  -0.370471E+00   0.800077E+07   0.800071E+07   0.267429E+01
   0.822079E-02   0.162691E+08   0.162612E+08  -0.821923E+04  -0.822162E+04   0.112151E+08   0.162438E+08   0.162678E+08   0.162438E+08  -0.365831E+00   0.790072E+07   0.790065E+07   0.276795E+01
   0.864228E-02   0.160559E+08   0.160472E+08  -0.734005E+04  -0.734218E+04   0.108567E+08   0.160298E+08   0.160544E+08   0.160298E+08  -0.361010E+00   0.779677E+07   0.779670E+07   0.286342E+01
   0.908538E-02   0.158344E+08   0.158249E+08  -0.655038E+04  -0.655228E+04   0.104939E+08   0.158075E+08   0.158328E+08   0.158075E+08  -0.356004E+00   0.768884E+07   0.768876E+07   0.296048E+01
   0.955119E-02   0.156047E+08   0.155943E+08  -0.584143E+04  -0.584312E+04   0.101268E+08   0.155770E+08   0.156030E+08   0.155770E+08  -0.350812E+00   0.757688E+07   0.757679E+07   0.305888E+01
   0.100409E-01   0.153664E+08   0.153551E+08  -0.520521E+04  -0.520672E+04   0.975599E+07   0.153380E+08   0.153646E+08   0.153380E+08  -0.345429E+00   0.746079E+07   0.746069E+07   0.315830E+01
   0.105557E-01   0.151196E+08   0.151072E+08  -0.463453E+04  -0.463588E+04   0.938258E+07   0.150903E+08   0.151175E+08   0.150903E+08  -0.339852E+00   0.734051E+07   0.734041E+07   0.325837E+01
   0.110969E-01   0.148639E+08   0.148505E+08  -0.412289E+04  -0.412408E+04   0.900768E+07   0.148339E+08   0.148617E+08   0.148339E+08  -0.334077E+00   0.721595E+07   0.721584E+07   0.335863E+01
   0.116659E-01   0.145993E+08   0.145847E+08  -0.366440E+04  -0.366546E+04   0.863236E+07   0.145686E+08   0.145968E+08   0.145686E+08  -0.328101E+00   0.708706E+07   0.708694E+07   0.345856E+01
   0.122640E-01   0.143256E+08   0.143097E+08  -0.325378E+04  -0.325472E+04   0.825718E+07   0.142942E+08   0.143230E+08   0.142942E+08  -0.321922E+00   0.695378E+07   0.695365E+07   0.355753E+01
   0.128928E-01   0.140428E+08   0.140255E+08  -0.288624E+04  -0.288708E+04   0.788370E+07   0.140107E+08   0.140399E+08   0.140107E+08  -0.315538E+00   0.681605E+07   0.681591E+07   0.365482E+01
   0.135538E-01   0.137507E+08   0.137320E+08  -0.255746E+04  -0.255820E+04   0.751144E+07   0.137180E+08   0.137476E+08   0.137180E+08  -0.308947E+00   0.667385E+07   0.667370E+07   0.374963E+01
   0.142487E-01   0.134494E+08   0.134291E+08  -0.226356E+04  -0.226421E+04   0.714069E+07   0.134161E+08   0.134460E+08   0.134161E+08  -0.302147E+00   0.652715E+07   0.652698E+07   0.384100E+01
   0.149793E-01   0.131387E+08   0.131169E+08  -0.200100E+04  -0.200158E+04   0.677289E+07   0.131049E+08   0.131351E+08   0.131049E+08  -0.295139E+00   0.637594E+07   0.637576E+07   0.392787E+01
   0.157473E-01   0.128188E+08   0.127953E+08  -0.176664E+04  -0.176715E+04   0.640971E+07   0.127845E+08   0.128149E+08   0.127845E+08  -0.287923E+00   0.622023E+07   0.622004E+07   0.400905E+01
   0.165546E-01   0.124898E+08   0.124644E+08  -0.155761E+04  -0.155806E+04   0.605180E+07   0.124551E+08   0.124856E+08   0.124551E+08  -0.280502E+00   0.606010E+07   0.605990E+07   0.408321E+01
   0.174034E-01   0.121518E+08   0.121245E+08  -0.137135E+04  -0.137175E+04   0.569945E+07   0.121167E+08   0.121472E+08   0.121167E+08  -0.272881E+00   0.589562E+07   0.589541E+07   0.414888E+01
   0.182957E-01   0.118051E+08   0.117758E+08  -0.120554E+04  -0.120589E+04   0.535346E+07   0.117696E+08   0.118002E+08   0.117696E+08  -0.265066E+00   0.572694E+07   0.572671E+07   0.420445E+01
   0.192337E-01   0.114500E+08   0.114189E+08  -0.105809E+04  -0.105840E+04   0.501510E+07   0.114144E+08   0.114449E+08   0.114144E+08  -0.257065E+00   0.555425E+07   0.555400E+07   0.424818E+01
   0.202199E-01   0.110873E+08   0.110541E+08  -0.927137E+03  -0.927405E+03   0.468557E+07   0.110514E+08   0.110818E+08   0.110514E+08  -0.248891E+00   0.537780E+07   0.537754E+07   0.427823E+01
   0.212566E-01   0.107174E+08   0.106822E+08  -0.810981E+03  -0.811216E+03   0.436515E+07   0.106814E+08   0.107115E+08   0.106814E+08  -0.240559E+00   0.519793E+07   0.519765E+07   0.429264E+01
   0.223464E-01   0.103413E+08   0.103040E+08  -0.708104E+03  -0.708309E+03   0.405463E+07   0.103053E+08   0.103351E+08   0.103053E+08  -0.232088E+00   0.501504E+07   0.501476E+07   0.428941E+01
   0.234921E-01   0.995999E+07   0.992080E+07  -0.617136E+03  -0.617315E+03   0.375536E+07   0.992408E+07   0.995348E+07   0.992408E+07  -0.223502E+00   0.482967E+07   0.482937E+07   0.426650E+01
   0.246966E-01   0.957476E+07   0.953371E+07  -0.536845E+03  -0.537000E+03   0.346784E+07   0.953901E+07   0.956794E+07   0.953901E+07  -0.214830E+00   0.464241E+07   0.464210E+07   0.422192E+01
   0.259628E-01   0.918710E+07   0.914434E+07  -0.466120E+03  -0.466254E+03   0.319264E+07   0.915160E+07   0.918000E+07   0.915160E+07  -0.206105E+00   0.445400E+07   0.445368E+07   0.415378E+01
   0.272940E-01   0.879877E+07   0.875449E+07  -0.403959E+03  -0.404076E+03   0.293061E+07   0.876362E+07   0.879142E+07   0.876362E+07  -0.197367E+00   0.426531E+07   0.426498E+07   0.406041E+01
   0.286934E-01   0.841180E+07   0.836623E+07  -0.349463E+03  -0.349563E+03   0.268231E+07   0.837709E+07   0.840423E+07   0.837709E+07  -0.188662E+00   0.407730E+07   0.407696E+07   0.394043E+01
   0.301645E-01   0.802845E+07   0.798191E+07  -0.301814E+03  -0.301901E+03   0.244820E+07   0.799429E+07   0.802072E+07   0.799429E+07  -0.180041E+00   0.389110E+07   0.389076E+07   0.379293E+01
   0.317111E-01   0.765124E+07   0.760410E+07  -0.260278E+03  -0.260353E+03   0.222876E+07   0.761773E+07   0.764341E+07   0.761773E+07  -0.171560E+00   0.370793E+07   0.370758E+07   0.361753E+01
   0.333369E-01   0.732516E+07   0.727782E+07  -0.225487E+03  -0.225552E+03   0.203600E+07   0.729225E+07   0.731730E+07   0.729225E+07  -0.164230E+00   0.354960E+07   0.354926E+07   0.341629E+01
   0.350462E-01   0.697086E+07   0.692381E+07  -0.194174E+03  -0.194230E+03   0.184675E+07   0.693878E+07   0.696305E+07   0.693878E+07  -0.156269E+00   0.337764E+07   0.337731E+07   0.318752E+01
   0.368430E-01   0.662823E+07   0.658199E+07  -0.167073E+03  -0.167121E+03   0.167183E+07   0.659708E+07   0.662055E+07   0.659708E+07  -0.148574E+00   0.321140E+07   0.321107E+07   0.293519E+01
   0.387320E-01   0.630243E+07   0.625756E+07  -0.143756E+03  -0.143797E+03   0.151186E+07   0.627229E+07   0.629498E+07   0.627229E+07  -0.141259E+00   0.305338E+07   0.305307E+07   0.266256E+01
   0.407178E-01   0.599624E+07   0.595330E+07  -0.123768E+03  -0.123804E+03   0.136651E+07   0.596718E+07   0.598911E+07   0.596718E+07  -0.134388E+00   0.290492E+07   0.290463E+07   0.237432E+01
   0.428055E-01   0.568411E+07   0.564366E+07  -0.106173E+03  -0.106203E+03   0.122933E+07   0.565630E+07   0.567739E+07   0.565630E+07  -0.127386E+00   0.275365E+07   0.275338E+07   0.207580E+01
   0.450002E-01   0.541976E+07   0.538230E+07  -0.916131E+02  -0.916395E+02   0.111122E+07   0.539313E+07   0.541354E+07   0.539313E+07  -0.121460E+00   0.262560E+07   0.262536E+07   0.177558E+01
   0.473074E-01   0.517652E+07   0.514245E+07  -0.791864E+02  -0.792092E+02   0.100509E+07   0.515110E+07   0.517086E+07   0.515110E+07  -0.116009E+00   0.250783E+07   0.250762E+07   0.148142E+01
   0.497329E-01   0.495231E+07   0.492193E+07  -0.685586E+02  -0.685784E+02   0.909684E+06   0.492812E+07   0.494727E+07   0.492812E+07  -0.110987E+00   0.239932E+07   0.239914E+07   0.120229E+01
   0.522827E-01   0.475995E+07   0.473337E+07  -0.596354E+02  -0.596526E+02   0.826322E+06   0.473690E+07   0.475554E+07   0.473690E+07  -0.106681E+00   0.230627E+07   0.230612E+07   0.947724E+00
   0.549633E-01   0.456581E+07   0.454294E+07  -0.517687E+02  -0.517836E+02   0.748300E+06   0.454392E+07   0.456201E+07   0.454392E+07  -0.102334E+00   0.221236E+07   0.221224E+07   0.725570E+00
   0.589146E-01   0.431265E+07   0.429442E+07  -0.425695E+02  -0.425817E+02   0.651431E+06   0.429227E+07   0.430962E+07   0.429227E+07  -0.966670E-01   0.208989E+07   0.208981E+07   0.484445E+00
   0.628660E-01   0.407345E+07   0.405855E+07  -0.353197E+02  -0.353299E+02   0.569094E+06   0.405437E+07   0.407098E+07   0.405437E+07  -0.913091E-01   0.197411E+07   0.197404E+07   0.338510E+00
   0.668173E-01   0.385142E+07   0.383842E+07  -0.295660E+02  -0.295745E+02   0.499278E+06   0.383338E+07   0.384926E+07   0.383338E+07  -0.863320E-01   0.186655E+07   0.186649E+07   0.272095E+00
   0.707686E-01   0.362936E+07   0.361695E+07  -0.248390E+02  -0.248462E+02   0.437838E+06   0.361217E+07   0.362730E+07   0.361217E+07  -0.813503E-01   0.175888E+07   0.175882E+07   0.263922E+00
   0.747199E-01   0.341062E+07   0.339780E+07  -0.209392E+02  -0.209452E+02   0.383932E+06   0.339414E+07   0.340849E+07   0.339414E+07  -0.764400E-01   0.165274E+07   0.165268E+07   0.291480E+00
   0.786712E-01   0.318867E+07   0.317482E+07  -0.176593E+02  -0.176643E+02   0.335783E+06   0.317285E+07   0.318637E+07   0.317285E+07  -0.714562E-01   0.154502E+07   0.154494E+07   0.333380E+00
   0.826226E-01   0.297558E+07   0.296051E+07  -0.149401E+02  -0.149444E+02   0.293809E+06   0.296037E+07   0.297308E+07   0.296037E+07  -0.666710E-01   0.144158E+07   0.144149E+07   0.372528E+00
   0.865739E-01   0.277830E+07   0.276219E+07  -0.127047E+02  -0.127083E+02   0.257792E+06   0.276368E+07   0.277563E+07   0.276368E+07  -0.622413E-01   0.134582E+07   0.134572E+07   0.397066E+00
   0.905252E-01   0.260192E+07   0.258525E+07  -0.108817E+02  -0.108849E+02   0.227341E+06   0.258791E+07   0.259916E+07   0.258791E+07  -0.582826E-01   0.126024E+07   0.126013E+07   0.400894E+00
   0.944765E-01   0.244917E+07   0.243255E+07  -0.940397E+01  -0.940667E+01   0.201903E+06   0.243576E+07   0.244641E+07   0.243576E+07  -0.548562E-01   0.118617E+07   0.118606E+07   0.383165E+00
   0.984278E-01   0.232048E+07   0.230456E+07  -0.820912E+01  -0.821149E+01   0.180817E+06   0.230770E+07   0.231783E+07   0.230770E+07  -0.519720E-01   0.112381E+07   0.112371E+07   0.347152E+00
   0.102379E+00   0.221421E+07   0.219953E+07  -0.724078E+01  -0.724287E+01   0.163369E+06   0.220206E+07   0.221178E+07   0.220206E+07  -0.495930E-01   0.107238E+07   0.107229E+07   0.298792E+00
   0.106330E+00   0.212689E+07   0.211380E+07  -0.644862E+01  -0.645047E+01   0.148828E+06   0.211535E+07   0.212472E+07   0.211535E+07  -0.476401E-01   0.103016E+07   0.103008E+07   0.245154E+00
   0.110282E+00   0.205361E+07   0.204226E+07  -0.578900E+01  -0.579066E+01   0.136491E+06   0.204264E+07   0.205173E+07   0.204264E+07  -0.460026E-01   0.994759E+06   0.994695E+06   0.193084E+00
   0.114233E+00   0.198884E+07   0.197913E+07  -0.522596E+01  -0.522746E+01   0.125730E+06   0.197840E+07   0.198723E+07   0.197840E+07  -0.445559E-01   0.963480E+06   0.963430E+06   0.148149E+00
   0.118184E+00   0.192741E+07   0.191908E+07  -0.473210E+01  -0.473346E+01   0.116048E+06   0.191744E+07   0.192603E+07   0.191744E+07  -0.431830E-01   0.933799E+06   0.933759E+06   0.113990E+00
   0.122136E+00   0.186539E+07   0.185804E+07  -0.428866E+01  -0.428989E+01   0.107099E+06   0.185583E+07   0.186417E+07   0.185583E+07  -0.417955E-01   0.903800E+06   0.903767E+06   0.920849E-01
   0.126087E+00   0.180051E+07   0.179372E+07  -0.388433E+01  -0.388545E+01   0.986881E+05   0.179132E+07   0.179938E+07   0.179132E+07  -0.403425E-01   0.872386E+06   0.872355E+06   0.819015E-01
   0.130038E+00   0.173209E+07   0.172544E+07  -0.351315E+01  -0.351416E+01   0.907330E+05   0.172321E+07   0.173099E+07   0.172321E+07  -0.388086E-01   0.839222E+06   0.839190E+06   0.813334E-01
   0.133990E+00   0.166064E+07   0.165380E+07  -0.317245E+01  -0.317337E+01   0.832233E+05   0.165203E+07   0.165950E+07   0.165203E+07  -0.372056E-01   0.804562E+06   0.804527E+06   0.873061E-01
   0.137941E+00   0.158762E+07   0.158040E+07  -0.286158E+01  -0.286240E+01   0.761944E+05   0.157926E+07   0.158642E+07   0.157926E+07  -0.355667E-01   0.769128E+06   0.769088E+06   0.964139E-01
   0.141892E+00   0.151533E+07   0.150766E+07  -0.258115E+01  -0.258189E+01   0.697117E+05   0.150721E+07   0.151406E+07   0.150721E+07  -0.339441E-01   0.734043E+06   0.733998E+06   0.105487E+00
   0.145844E+00   0.144655E+07   0.143850E+07  -0.233216E+01  -0.233283E+01   0.638491E+05   0.143866E+07   0.144521E+07   0.143866E+07  -0.324003E-01   0.700664E+06   0.700615E+06   0.112025E+00
   0.149795E+00   0.138381E+07   0.137553E+07  -0.211476E+01  -0.211537E+01   0.586556E+05   0.137615E+07   0.138243E+07   0.137615E+07  -0.309925E-01   0.670223E+06   0.670172E+06   0.114451E+00
   0.153746E+00   0.132861E+07   0.132033E+07  -0.192735E+01  -0.192791E+01   0.541284E+05   0.132120E+07   0.132724E+07   0.132120E+07  -0.297549E-01   0.643463E+06   0.643411E+06   0.112197E+00
   0.157698E+00   0.128120E+07   0.127314E+07  -0.176661E+01  -0.176712E+01   0.502113E+05   0.127403E+07   0.127986E+07   0.127403E+07  -0.286925E-01   0.620491E+06   0.620441E+06   0.105603E+00
   0.161649E+00   0.124081E+07   0.123317E+07  -0.162836E+01  -0.162882E+01   0.468163E+05   0.123388E+07   0.123954E+07   0.123388E+07  -0.277884E-01   0.600940E+06   0.600894E+06   0.956976E-01
   0.165600E+00   0.120623E+07   0.119916E+07  -0.150842E+01  -0.150886E+01   0.438496E+05   0.119955E+07   0.120505E+07   0.119955E+07  -0.270152E-01   0.584220E+06   0.584178E+06   0.839036E-01
   0.169552E+00   0.117607E+07   0.116964E+07  -0.140306E+01  -0.140347E+01   0.412219E+05   0.116962E+07   0.117500E+07   0.116962E+07  -0.263413E-01   0.569647E+06   0.569611E+06   0.717445E-01
   0.173503E+00   0.114875E+07   0.114295E+07  -0.130886E+01  -0.130924E+01   0.388491E+05   0.114253E+07   0.114779E+07   0.114253E+07  -0.257311E-01   0.556453E+06   0.556422E+06   0.605900E-01
   0.177454E+00   0.112258E+07   0.111732E+07  -0.122279E+01  -0.122315E+01   0.366531E+05   0.111656E+07   0.112170E+07   0.111656E+07  -0.251461E-01   0.543804E+06   0.543777E+06   0.514693E-01
   0.181406E+00   0.109600E+07   0.109116E+07  -0.114246E+01  -0.114279E+01   0.345710E+05   0.109016E+07   0.109519E+07   0.109016E+07  -0.245517E-01   0.530951E+06   0.530926E+06   0.449654E-01
   0.185357E+00   0.106803E+07   0.106346E+07  -0.106638E+01  -0.106669E+01   0.325649E+05   0.106236E+07   0.106727E+07   0.106236E+07  -0.239256E-01   0.517411E+06   0.517388E+06   0.411929E-01
   0.189308E+00   0.103838E+07   0.103393E+07  -0.993958E+00  -0.994244E+00   0.306218E+05   0.103286E+07   0.103764E+07   0.103286E+07  -0.232612E-01   0.503045E+06   0.503022E+06   0.398548E-01
   0.193260E+00   0.100733E+07   0.100287E+07  -0.925205E+00  -0.925471E+00   0.287470E+05   0.100195E+07   0.100659E+07   0.100195E+07  -0.225651E-01   0.487992E+06   0.487969E+06   0.403555E-01
   0.197211E+00   0.975509E+06   0.970966E+06  -0.860415E+00  -0.860663E+00   0.269544E+05   0.970260E+06   0.974755E+06   0.970260E+06  -0.218514E-01   0.472558E+06   0.472534E+06   0.419413E-01
   0.201162E+00   0.943716E+06   0.939043E+06  -0.799967E+00  -0.800197E+00   0.252605E+05   0.938587E+06   0.942940E+06   0.938587E+06  -0.211381E-01   0.457134E+06   0.457108E+06   0.438397E-01
   0.205113E+00   0.912849E+06   0.908054E+06  -0.744250E+00  -0.744464E+00   0.236822E+05   0.907839E+06   0.912053E+06   0.907839E+06  -0.204456E-01   0.442160E+06   0.442132E+06   0.453776E-01
   0.217541E+00   0.830251E+06   0.825464E+06  -0.601747E+00  -0.601921E+00   0.195852E+05   0.825615E+06   0.829456E+06   0.825615E+06  -0.185938E-01   0.402116E+06   0.402087E+06   0.437770E-01
   0.230721E+00   0.769273E+06   0.765196E+06  -0.495715E+00  -0.495858E+00   0.164876E+05   0.765029E+06   0.768596E+06   0.765029E+06  -0.172293E-01   0.372609E+06   0.372586E+06   0.332274E-01
   0.244700E+00   0.716453E+06   0.713095E+06  -0.410484E+00  -0.410602E+00   0.139390E+05   0.712566E+06   0.715896E+06   0.712566E+06  -0.160478E-01   0.347058E+06   0.347040E+06   0.243204E-01
   0.259526E+00   0.656483E+06   0.653267E+06  -0.334375E+00  -0.334471E+00   0.115819E+05   0.652893E+06   0.655949E+06   0.652893E+06  -0.147039E-01   0.317996E+06   0.317978E+06   0.229313E-01
   0.275250E+00   0.596273E+06   0.593053E+06  -0.269985E+00  -0.270062E+00   0.953030E+04   0.592958E+06   0.595739E+06   0.592958E+06  -0.133541E-01   0.288806E+06   0.288787E+06   0.226109E-01
   0.291927E+00   0.548345E+06   0.545488E+06  -0.220736E+00  -0.220800E+00   0.793404E+04   0.545309E+06   0.547870E+06   0.545309E+06  -0.122810E-01   0.265599E+06   0.265583E+06   0.183629E-01
   0.309615E+00   0.506354E+06   0.503879E+06  -0.181221E+00  -0.181273E+00   0.662698E+04   0.503574E+06   0.505943E+06   0.503574E+06  -0.113411E-01   0.245272E+06   0.245259E+06   0.145756E-01
   0.328373E+00   0.461966E+06   0.459598E+06  -0.146981E+00  -0.147024E+00   0.546375E+04   0.459409E+06   0.461573E+06   0.459409E+06  -0.103464E-01   0.223762E+06   0.223748E+06   0.135765E-01
   0.348269E+00   0.421952E+06   0.419753E+06  -0.119350E+00  -0.119384E+00   0.450636E+04   0.419608E+06   0.421587E+06   0.419608E+06  -0.945006E-02   0.204377E+06   0.204364E+06   0.118985E-01
   0.369370E+00   0.387751E+06   0.385809E+06  -0.975072E-01  -0.975353E-01   0.373660E+04   0.385608E+06   0.387428E+06   0.385608E+06  -0.868435E-02   0.187817E+06   0.187806E+06   0.970938E-02
   0.391749E+00   0.353987E+06   0.352177E+06  -0.791364E-01  -0.791592E-01   0.307553E+04   0.352024E+06   0.353686E+06   0.352024E+06  -0.792798E-02   0.171460E+06   0.171449E+06   0.865711E-02
   0.415485E+00   0.323382E+06   0.321725E+06  -0.642710E-01  -0.642895E-01   0.253129E+04   0.321586E+06   0.323107E+06   0.321586E+06  -0.724249E-02   0.156635E+06   0.156626E+06   0.745035E-02
   0.440658E+00   0.295857E+06   0.294360E+06  -0.522752E-01  -0.522902E-01   0.208496E+04   0.294216E+06   0.295608E+06   0.294216E+06  -0.662608E-02   0.143304E+06   0.143296E+06   0.631958E-02
   0.467357E+00   0.269830E+06   0.268449E+06  -0.423848E-01  -0.423970E-01   0.171074E+04   0.268330E+06   0.269600E+06   0.268330E+06  -0.604310E-02   0.130696E+06   0.130688E+06   0.552487E-02
   0.495673E+00   0.246444E+06   0.245193E+06  -0.344153E-01  -0.344252E-01   0.140479E+04   0.245075E+06   0.246236E+06   0.245075E+06  -0.551938E-02   0.119369E+06   0.119362E+06   0.470032E-02
   0.525705E+00   0.224711E+06   0.223565E+06  -0.278975E-01  -0.279055E-01   0.115088E+04   0.223461E+06   0.224520E+06   0.223461E+06  -0.503260E-02   0.108842E+06   0.108835E+06   0.406833E-02
   0.557556E+00   0.204930E+06   0.203888E+06  -0.226181E-01  -0.226246E-01   0.942445E+03   0.203790E+06   0.204757E+06   0.203790E+06  -0.458959E-02   0.992608E+05   0.992549E+05   0.348287E-02
   0.591338E+00   0.186730E+06   0.185779E+06  -0.183221E-01  -0.183273E-01   0.770639E+03   0.185691E+06   0.186572E+06   0.185691E+06  -0.418197E-02   0.904452E+05   0.904399E+05   0.299896E-02
   0.627165E+00   0.170108E+06   0.169242E+06  -0.148386E-01  -0.148429E-01   0.629651E+03   0.169161E+06   0.169964E+06   0.169161E+06  -0.380970E-02   0.823941E+05   0.823892E+05   0.257158E-02
   0.875280E+00   0.994431E+05   0.989373E+05  -0.445373E-02  -0.445502E-02   0.196761E+03   0.988888E+05   0.993591E+05   0.988888E+05  -0.222709E-02   0.481665E+05   0.481637E+05   0.107731E-02
   0.122155E+01   0.574312E+05   0.571392E+05  -0.132061E-02  -0.132099E-02   0.599287E+02   0.571108E+05   0.573827E+05   0.571108E+05  -0.128620E-02   0.278174E+05   0.278158E+05   0.446332E-03
   0.170481E+01   0.328229E+05   0.326561E+05  -0.387504E-03  -0.387615E-03   0.178862E+02   0.326397E+05   0.327952E+05   0.326397E+05  -0.735084E-03   0.158981E+05   0.158972E+05   0.183448E-03
   0.237926E+01   0.185908E+05   0.184963E+05  -0.112686E-03  -0.112718E-03   0.525488E+01   0.184870E+05   0.185751E+05   0.184870E+05  -0.416349E-03   0.900464E+04   0.900411E+04   0.750576E-04
   0.332052E+01   0.104480E+05   0.103949E+05  -0.325144E-04  -0.325237E-04   0.152521E+01   0.103897E+05   0.104392E+05   0.103897E+05  -0.233988E-03   0.506060E+04   0.506030E+04   0.307245E-04
   0.463416E+01   0.583207E+04   0.580238E+04  -0.931828E-05  -0.932096E-05   0.438556E+00   0.579950E+04   0.582714E+04   0.579950E+04  -0.130612E-03   0.282482E+04   0.282465E+04   0.126854E-04
   0.646749E+01   0.323614E+04   0.321963E+04  -0.265467E-05  -0.265544E-05   0.125169E+00   0.321806E+04   0.323340E+04   0.321806E+04  -0.724745E-04   0.156746E+04   0.156735E+04   0.535316E-05
   0.902611E+01   0.178631E+04   0.177715E+04  -0.752335E-06  -0.752551E-06   0.355115E-01   0.177632E+04   0.178479E+04   0.177632E+04  -0.400049E-04   0.865213E+03   0.865149E+03   0.235649E-05
   0.125970E+02   0.981439E+03   0.976364E+03  -0.212221E-06  -0.212282E-06   0.100267E-01   0.975945E+03   0.980596E+03   0.975945E+03  -0.219794E-04   0.475365E+03   0.475323E+03   0.111137E-05
   0.175805E+02   0.536981E+03   0.534156E+03  -0.596151E-07  -0.596323E-07   0.281366E-02   0.533967E+03   0.536512E+03   0.533967E+03  -0.120256E-04   0.260086E+03   0.260056E+03   0.576005E-06
   0.245355E+02   0.292691E+03   0.291100E+03  -0.166832E-07  -0.166880E-07   0.788346E-03   0.291040E+03   0.292427E+03   0.291040E+03  -0.655456E-05   0.141761E+03   0.141737E+03   0.331665E-06
   0.342421E+02   0.158977E+03   0.158058E+03  -0.465245E-08  -0.465379E-08   0.217318E-03   0.158071E+03   0.158825E+03   0.158071E+03  -0.355995E-05   0.769952E+02   0.769736E+02   0.209892E-06
   0.477887E+02   0.860572E+02   0.855022E+02  -0.129305E-08  -0.129342E-08   0.596351E-04   0.855573E+02   0.859651E+02   0.855573E+02  -0.192685E-05   0.416751E+02   0.416547E+02   0.142343E-06
   0.666945E+02   0.464215E+02   0.460619E+02  -0.358127E-09  -0.358230E-09   0.160033E-04   0.461419E+02   0.463618E+02   0.461419E+02  -0.103917E-05   0.224767E+02   0.224566E+02   0.100712E-06
   0.930796E+02   0.249409E+02   0.246854E+02  -0.987964E-10  -0.988248E-10   0.439224E-05   0.247804E+02   0.248985E+02   0.247804E+02  -0.558083E-06   0.120720E+02   0.120517E+02   0.727772E-07
   0.129903E+03   0.133308E+02   0.131306E+02  -0.271165E-10  -0.271243E-10   0.153809E-05   0.132345E+02   0.132976E+02   0.132345E+02  -0.298057E-06   0.644834E+01   0.642775E+01   0.528729E-07
